TimeOffset,UpdateTime,ParentName,ParentConfirmedCount,ParentSuspectedCount,ParentCuredCount,ParentDeadCount,ParentTreatingCount,ParentCuredRate,ParentDeadRate,ParentTreatingRate,ParentDeadDivideCured,ParentCuredDivideDead,ParentConfirmedNorm,ParentSuspectedNorm,ParentCuredNorm,ParentDeadNorm,ParentTreatingNorm,ParentDeadRateEx,ParentCuredRateEx,ParentTatalConfirmedNorm,ParentTatalSuspectedNorm,ParentTatalCuredNorm,ParentTatalDeadNorm,ParentTatalTreatingNorm
46.33176,"2020-03-10 07:57:44",阿尔巴尼亚,2,0,0,0,2,0,0,1,,,0.001623377,,0,0,0.004132231,,,2.896975E-07,0,0,0,1.529199E-06
46.49775,"2020-03-10 11:56:46",阿尔巴尼亚,2,0,0,0,2,0,0,1,,,0.001623377,,0,0,0.004132231,,,2.896975E-07,0,0,0,1.529199E-06
46.52793,"2020-03-10 12:40:13",阿尔巴尼亚,2,0,0,0,2,0,0,1,,,0.001623377,,0,0,0.004132231,,,2.896975E-07,0,0,0,1.529199E-06
46.81252,"2020-03-10 19:30:02",阿尔巴尼亚,2,0,0,0,2,0,0,1,,,0.001623377,,0,0,0.004132231,,,2.896975E-07,0,0,0,1.529199E-06
46.8538,"2020-03-10 20:29:28",阿尔巴尼亚,6,0,0,0,6,0,0,1,,,0.00487013,,0,0,0.01239669,,,8.690926E-07,0,0,0,4.587598E-06
47.30168,"2020-03-11 07:14:25",阿尔巴尼亚,6,0,0,0,6,0,0,1,,,0.00487013,,0,0,0.01239669,,,8.690926E-07,0,0,0,4.587598E-06
47.34124,"2020-03-11 08:11:23",阿尔巴尼亚,6,0,0,0,6,0,0,1,,,0.00487013,,0,0,0.01239669,,,8.690926E-07,0,0,0,4.587598E-06
47.46568,"2020-03-11 11:10:35",阿尔巴尼亚,6,0,0,0,6,0,0,1,,,0.00487013,,0,0,0.01239669,,,8.690926E-07,0,0,0,4.587598E-06
47.58109,"2020-03-11 13:56:46",阿尔巴尼亚,6,0,0,0,6,0,0,1,,,0.00487013,,0,0,0.01239669,,,8.690926E-07,0,0,0,4.587598E-06
48.29858,"2020-03-12 07:09:57",阿尔巴尼亚,6,0,0,0,6,0,0,1,,,0.00487013,,0,0,0.01239669,,,8.690926E-07,0,0,0,4.587598E-06
48.32023,"2020-03-12 07:41:08",阿尔巴尼亚,15,0,0,0,15,0,0,1,,,0.01217532,,0,0,0.03099173,,,2.172732E-06,0,0,0,1.146899E-05
48.33897,"2020-03-12 08:08:07",阿尔巴尼亚,15,0,0,0,15,0,0,1,,,0.01217532,,0,0,0.03099173,,,2.172732E-06,0,0,0,1.146899E-05
48.37946,"2020-03-12 09:06:25",阿尔巴尼亚,15,0,0,0,15,0,0,1,,,0.01217532,,0,0,0.03099173,,,2.172732E-06,0,0,0,1.146899E-05
48.54516,"2020-03-12 13:05:02",阿尔巴尼亚,15,0,0,0,15,0,0,1,,,0.01217532,,0,0,0.03099173,,,2.172732E-06,0,0,0,1.146899E-05
49.30255,"2020-03-13 07:15:40",阿尔巴尼亚,15,0,0,0,15,0,0,1,,,0.01217532,,0,0,0.03099173,,,2.172732E-06,0,0,0,1.146899E-05
49.34104,"2020-03-13 08:11:06",阿尔巴尼亚,23,0,0,0,23,0,0,1,,,0.01866883,,0,0,0.04752066,,,3.331522E-06,0,0,0,1.758579E-05
49.37281,"2020-03-13 08:56:51",阿尔巴尼亚,23,0,0,0,23,0,0,1,,,0.01866883,,0,0,0.04752066,,,3.331522E-06,0,0,0,1.758579E-05
49.64196,"2020-03-13 15:24:25",阿尔巴尼亚,23,0,0,0,23,0,0,1,,,0.01866883,,0,0,0.04752066,,,3.331522E-06,0,0,0,1.758579E-05
49.66941,"2020-03-13 16:03:57",阿尔巴尼亚,23,0,0,0,23,0,0,1,,,0.01866883,,0,0,0.04752066,,,3.331522E-06,0,0,0,1.758579E-05
49.90362,"2020-03-13 21:41:13",阿尔巴尼亚,33,0,0,0,33,0,0,1,,,0.02678571,,0,0,0.06818182,,,4.780009E-06,0,0,0,2.523179E-05
50.29789,"2020-03-14 07:08:58",阿尔巴尼亚,33,0,0,0,33,0,0,1,,,0.02678571,,0,0,0.06818182,,,4.780009E-06,0,0,0,2.523179E-05
50.45054,"2020-03-14 10:48:47",阿尔巴尼亚,33,0,0,0,33,0,0,1,,,0.02678571,,0,0,0.06818182,,,4.780009E-06,0,0,0,2.523179E-05
50.50932,"2020-03-14 12:13:25",阿尔巴尼亚,33,0,0,0,33,0,0,1,,,0.02678571,,0,0,0.06818182,,,4.780009E-06,0,0,0,2.523179E-05
51.3074,"2020-03-15 07:22:39",阿尔巴尼亚,33,0,0,0,33,0,0,1,,,0.02678571,,0,0,0.06818182,,,4.780009E-06,0,0,0,2.523179E-05
51.48414,"2020-03-15 11:37:10",阿尔巴尼亚,38,0,0,0,38,0,0,1,,,0.03084416,,0,0,0.0785124,,,5.504253E-06,0,0,0,2.905479E-05
51.50563,"2020-03-15 12:08:06",阿尔巴尼亚,38,0,0,0,38,0,0,1,,,0.03084416,,0,0,0.0785124,,,5.504253E-06,0,0,0,2.905479E-05
51.58532,"2020-03-15 14:02:52",阿尔巴尼亚,38,0,0,1,37,0,0.02631579,0.9736842,,0,0.03084416,,0,0.02941176,0.07644628,1,0,5.504253E-06,0,0,2.483035E-06,2.829019E-05
51.61229,"2020-03-15 14:41:42",阿尔巴尼亚,38,0,0,1,37,0,0.02631579,0.9736842,,0,0.03084416,,0,0.02941176,0.07644628,1,0,5.504253E-06,0,0,2.483035E-06,2.829019E-05
51.61459,"2020-03-15 14:45:01",阿尔巴尼亚,38,0,0,1,37,0,0.02631579,0.9736842,,0,0.03084416,,0,0.02941176,0.07644628,1,0,5.504253E-06,0,0,2.483035E-06,2.829019E-05
51.80852,"2020-03-15 19:24:16",阿尔巴尼亚,38,0,0,1,37,0,0.02631579,0.9736842,,0,0.03084416,,0,0.02941176,0.07644628,1,0,5.504253E-06,0,0,2.483035E-06,2.829019E-05
52.05155,"2020-03-16 01:14:14",阿尔巴尼亚,38,0,0,1,37,0,0.02631579,0.9736842,,0,0.03084416,,0,0.02941176,0.07644628,1,0,5.504253E-06,0,0,2.483035E-06,2.829019E-05
52.32067,"2020-03-16 07:41:46",阿尔巴尼亚,42,0,0,1,41,0,0.02380952,0.9761904,,0,0.03409091,,0,0.02941176,0.08471075,1,0,6.083648E-06,0,0,2.483035E-06,3.134859E-05
52.32323,"2020-03-16 07:45:27",阿尔巴尼亚,42,0,0,1,41,0,0.02380952,0.9761904,,0,0.03409091,,0,0.02941176,0.08471075,1,0,6.083648E-06,0,0,2.483035E-06,3.134859E-05
52.56194,"2020-03-16 13:29:12",阿尔巴尼亚,42,0,0,1,41,0,0.02380952,0.9761904,,0,0.03409091,,0,0.02941176,0.08471075,1,0,6.083648E-06,0,0,2.483035E-06,3.134859E-05
52.60354,"2020-03-16 14:29:06",阿尔巴尼亚,42,0,0,1,41,0,0.02380952,0.9761904,,0,0.03409091,,0,0.02941176,0.08471075,1,0,6.083648E-06,0,0,2.483035E-06,3.134859E-05
52.62066,"2020-03-16 14:53:45",阿尔巴尼亚,42,0,0,1,41,0,0.02380952,0.9761904,,0,0.03409091,,0,0.02941176,0.08471075,1,0,6.083648E-06,0,0,2.483035E-06,3.134859E-05
53.02423,"2020-03-17 00:34:54",阿尔巴尼亚,42,0,0,1,41,0,0.02380952,0.9761904,,0,0.03409091,,0,0.02941176,0.08471075,1,0,6.083648E-06,0,0,2.483035E-06,3.134859E-05
53.15181,"2020-03-17 03:38:36",阿尔巴尼亚,42,0,0,1,41,0,0.02380952,0.9761904,,0,0.03409091,,0,0.02941176,0.08471075,1,0,6.083648E-06,0,0,2.483035E-06,3.134859E-05
53.32051,"2020-03-17 07:41:32",阿尔巴尼亚,42,0,0,1,41,0,0.02380952,0.9761904,,0,0.03409091,,0,0.02941176,0.08471075,1,0,6.083648E-06,0,0,2.483035E-06,3.134859E-05
53.35588,"2020-03-17 08:32:28",阿尔巴尼亚,42,0,0,1,41,0,0.02380952,0.9761904,,0,0.03409091,,0,0.02941176,0.08471075,1,0,6.083648E-06,0,0,2.483035E-06,3.134859E-05
53.58229,"2020-03-17 13:58:30",阿尔巴尼亚,42,0,0,1,41,0,0.02380952,0.9761904,,0,0.03409091,,0,0.02941176,0.08471075,1,0,6.083648E-06,0,0,2.483035E-06,3.134859E-05
53.75938,"2020-03-17 18:13:30",阿尔巴尼亚,42,0,0,1,41,0,0.02380952,0.9761904,,0,0.03409091,,0,0.02941176,0.08471075,1,0,6.083648E-06,0,0,2.483035E-06,3.134859E-05
54.07892,"2020-03-18 01:53:39",阿尔巴尼亚,55,0,0,1,54,0,0.01818182,0.9818182,,0,0.04464286,,0,0.02941176,0.1115702,1,0,7.966682E-06,0,0,2.483035E-06,4.128838E-05
54.17948,"2020-03-18 04:18:27",阿尔巴尼亚,55,0,0,1,54,0,0.01818182,0.9818182,,0,0.04464286,,0,0.02941176,0.1115702,1,0,7.966682E-06,0,0,2.483035E-06,4.128838E-05
54.33307,"2020-03-18 07:59:37",阿尔巴尼亚,55,0,0,1,54,0,0.01818182,0.9818182,,0,0.04464286,,0,0.02941176,0.1115702,1,0,7.966682E-06,0,0,2.483035E-06,4.128838E-05
54.35096,"2020-03-18 08:25:23",阿尔巴尼亚,55,0,0,1,54,0,0.01818182,0.9818182,,0,0.04464286,,0,0.02941176,0.1115702,1,0,7.966682E-06,0,0,2.483035E-06,4.128838E-05
54.40119,"2020-03-18 09:37:43",阿尔巴尼亚,55,0,0,1,54,0,0.01818182,0.9818182,,0,0.04464286,,0,0.02941176,0.1115702,1,0,7.966682E-06,0,0,2.483035E-06,4.128838E-05
54.40496,"2020-03-18 09:43:09",阿尔巴尼亚,55,0,0,1,54,0,0.01818182,0.9818182,,0,0.04464286,,0,0.02941176,0.1115702,1,0,7.966682E-06,0,0,2.483035E-06,4.128838E-05
54.44709,"2020-03-18 10:43:49",阿尔巴尼亚,55,0,0,1,54,0,0.01818182,0.9818182,,0,0.04464286,,0,0.02941176,0.1115702,1,0,7.966682E-06,0,0,2.483035E-06,4.128838E-05
54.49352,"2020-03-18 11:50:40",阿尔巴尼亚,55,0,0,1,54,0,0.01818182,0.9818182,,0,0.04464286,,0,0.02941176,0.1115702,1,0,7.966682E-06,0,0,2.483035E-06,4.128838E-05
54.50781,"2020-03-18 12:11:15",阿尔巴尼亚,55,0,0,1,54,0,0.01818182,0.9818182,,0,0.04464286,,0,0.02941176,0.1115702,1,0,7.966682E-06,0,0,2.483035E-06,4.128838E-05
55.03998,"2020-03-19 00:57:34",阿尔巴尼亚,55,0,0,1,54,0,0.01818182,0.9818182,,0,0.04464286,,0,0.02941176,0.1115702,1,0,7.966682E-06,0,0,2.483035E-06,4.128838E-05
55.54133,"2020-03-19 12:59:31",阿尔巴尼亚,55,0,0,1,54,0,0.01818182,0.9818182,,0,0.04464286,,0,0.02941176,0.1115702,1,0,7.966682E-06,0,0,2.483035E-06,4.128838E-05
55.89919,"2020-03-19 21:34:50",阿尔巴尼亚,59,0,0,1,58,0,0.01694915,0.9830508,,0,0.04788961,,0,0.02941176,0.1198347,1,0,8.546078E-06,0,0,2.483035E-06,4.434678E-05
55.90145,"2020-03-19 21:38:05",阿尔巴尼亚,59,0,0,1,58,0,0.01694915,0.9830508,,0,0.04788961,,0,0.02941176,0.1198347,1,0,8.546078E-06,0,0,2.483035E-06,4.434678E-05
55.9315,"2020-03-19 22:21:22",阿尔巴尼亚,59,0,0,1,58,0,0.01694915,0.9830508,,0,0.04788961,,0,0.02941176,0.1198347,1,0,8.546078E-06,0,0,2.483035E-06,4.434678E-05
55.95621,"2020-03-19 22:56:57",阿尔巴尼亚,59,0,0,1,58,0,0.01694915,0.9830508,,0,0.04788961,,0,0.02941176,0.1198347,1,0,8.546078E-06,0,0,2.483035E-06,4.434678E-05
55.95715,"2020-03-19 22:58:18",阿尔巴尼亚,59,0,0,1,58,0,0.01694915,0.9830508,,0,0.04788961,,0,0.02941176,0.1198347,1,0,8.546078E-06,0,0,2.483035E-06,4.434678E-05
56.00724,"2020-03-20 00:10:26",阿尔巴尼亚,59,0,0,1,58,0,0.01694915,0.9830508,,0,0.04788961,,0,0.02941176,0.1198347,1,0,8.546078E-06,0,0,2.483035E-06,4.434678E-05
56.52344,"2020-03-20 12:33:45",阿尔巴尼亚,59,0,0,2,57,0,0.03389831,0.9661017,,0,0.04788961,,0,0.05882353,0.1177686,1,0,8.546078E-06,0,0,4.966069E-06,4.358218E-05
56.55494,"2020-03-20 13:19:07",阿尔巴尼亚,59,0,0,2,57,0,0.03389831,0.9661017,,0,0.04788961,,0,0.05882353,0.1177686,1,0,8.546078E-06,0,0,4.966069E-06,4.358218E-05
56.56397,"2020-03-20 13:32:07",阿尔巴尼亚,59,0,0,2,57,0,0.03389831,0.9661017,,0,0.04788961,,0,0.05882353,0.1177686,1,0,8.546078E-06,0,0,4.966069E-06,4.358218E-05
56.97859,"2020-03-20 23:29:10",阿尔巴尼亚,59,0,0,2,57,0,0.03389831,0.9661017,,0,0.04788961,,0,0.05882353,0.1177686,1,0,8.546078E-06,0,0,4.966069E-06,4.358218E-05
57.41876,"2020-03-21 10:03:01",阿尔巴尼亚,70,0,0,2,68,0,0.02857143,0.9714286,,0,0.05681818,,0,0.05882353,0.1404959,1,0,1.013941E-05,0,0,4.966069E-06,5.199277E-05
57.4578,"2020-03-21 10:59:14",阿尔巴尼亚,70,0,0,2,68,0,0.02857143,0.9714286,,0,0.05681818,,0,0.05882353,0.1404959,1,0,1.013941E-05,0,0,4.966069E-06,5.199277E-05
57.47359,"2020-03-21 11:21:58",阿尔巴尼亚,70,0,0,2,68,0,0.02857143,0.9714286,,0,0.05681818,,0,0.05882353,0.1404959,1,0,1.013941E-05,0,0,4.966069E-06,5.199277E-05
57.89864,"2020-03-21 21:34:02",阿尔巴尼亚,70,0,0,2,68,0,0.02857143,0.9714286,,0,0.05681818,,0,0.05882353,0.1404959,1,0,1.013941E-05,0,0,4.966069E-06,5.199277E-05
58.63933,"2020-03-22 15:20:38",阿尔巴尼亚,76,0,0,2,74,0,0.02631579,0.9736842,,0,0.06168831,,0,0.05882353,0.1528926,1,0,1.100851E-05,0,0,4.966069E-06,5.658037E-05
58.67144,"2020-03-22 16:06:52",阿尔巴尼亚,76,0,0,2,74,0,0.02631579,0.9736842,,0,0.06168831,,0,0.05882353,0.1528926,1,0,1.100851E-05,0,0,4.966069E-06,5.658037E-05
58.67373,"2020-03-22 16:10:10",阿尔巴尼亚,76,0,0,2,74,0,0.02631579,0.9736842,,0,0.06168831,,0,0.05882353,0.1528926,1,0,1.100851E-05,0,0,4.966069E-06,5.658037E-05
58.78626,"2020-03-22 18:52:13",阿尔巴尼亚,76,0,0,2,74,0,0.02631579,0.9736842,,0,0.06168831,,0,0.05882353,0.1528926,1,0,1.100851E-05,0,0,4.966069E-06,5.658037E-05
58.80104,"2020-03-22 19:13:30",阿尔巴尼亚,76,0,0,2,74,0,0.02631579,0.9736842,,0,0.06168831,,0,0.05882353,0.1528926,1,0,1.100851E-05,0,0,4.966069E-06,5.658037E-05
58.80795,"2020-03-22 19:23:27",阿尔巴尼亚,76,0,0,2,74,0,0.02631579,0.9736842,,0,0.06168831,,0,0.05882353,0.1528926,1,0,1.100851E-05,0,0,4.966069E-06,5.658037E-05
59.20255,"2020-03-23 04:51:40",阿尔巴尼亚,76,0,0,2,74,0,0.02631579,0.9736842,,0,0.06168831,,0,0.05882353,0.1528926,1,0,1.100851E-05,0,0,4.966069E-06,5.658037E-05
59.22614,"2020-03-23 05:25:38",阿尔巴尼亚,76,0,0,2,74,0,0.02631579,0.9736842,,0,0.06168831,,0,0.05882353,0.1528926,1,0,1.100851E-05,0,0,4.966069E-06,5.658037E-05
59.41842,"2020-03-23 10:02:31",阿尔巴尼亚,76,0,0,2,74,0,0.02631579,0.9736842,,0,0.06168831,,0,0.05882353,0.1528926,1,0,1.100851E-05,0,0,4.966069E-06,5.658037E-05
59.43769,"2020-03-23 10:30:16",阿尔巴尼亚,76,0,0,2,74,0,0.02631579,0.9736842,,0,0.06168831,,0,0.05882353,0.1528926,1,0,1.100851E-05,0,0,4.966069E-06,5.658037E-05
59.43847,"2020-03-23 10:31:24",阿尔巴尼亚,76,0,0,2,74,0,0.02631579,0.9736842,,0,0.06168831,,0,0.05882353,0.1528926,1,0,1.100851E-05,0,0,4.966069E-06,5.658037E-05
59.50339,"2020-03-23 12:04:53",阿尔巴尼亚,76,0,0,2,74,0,0.02631579,0.9736842,,0,0.06168831,,0,0.05882353,0.1528926,1,0,1.100851E-05,0,0,4.966069E-06,5.658037E-05
59.54601,"2020-03-23 13:06:15",阿尔巴尼亚,76,0,0,2,74,0,0.02631579,0.9736842,,0,0.06168831,,0,0.05882353,0.1528926,1,0,1.100851E-05,0,0,4.966069E-06,5.658037E-05
59.54992,"2020-03-23 13:11:53",阿尔巴尼亚,76,0,0,2,74,0,0.02631579,0.9736842,,0,0.06168831,,0,0.05882353,0.1528926,1,0,1.100851E-05,0,0,4.966069E-06,5.658037E-05
59.6857,"2020-03-23 16:27:24",阿尔巴尼亚,76,0,0,2,74,0,0.02631579,0.9736842,,0,0.06168831,,0,0.05882353,0.1528926,1,0,1.100851E-05,0,0,4.966069E-06,5.658037E-05
59.81739,"2020-03-23 19:37:03",阿尔巴尼亚,76,0,0,2,74,0,0.02631579,0.9736842,,0,0.06168831,,0,0.05882353,0.1528926,1,0,1.100851E-05,0,0,4.966069E-06,5.658037E-05
59.96926,"2020-03-23 23:15:44",阿尔巴尼亚,76,0,0,2,74,0,0.02631579,0.9736842,,0,0.06168831,,0,0.05882353,0.1528926,1,0,1.100851E-05,0,0,4.966069E-06,5.658037E-05
60.18911,"2020-03-24 04:32:19",阿尔巴尼亚,104,0,0,2,102,0,0.01923077,0.9807692,,0,0.08441558,,0,0.05882353,0.2107438,1,0,1.506427E-05,0,0,4.966069E-06,7.798916E-05
60.25945,"2020-03-24 06:13:36",阿尔巴尼亚,104,0,0,2,102,0,0.01923077,0.9807692,,0,0.08441558,,0,0.05882353,0.2107438,1,0,1.506427E-05,0,0,4.966069E-06,7.798916E-05
60.30337,"2020-03-24 07:16:51",阿尔巴尼亚,104,0,0,2,102,0,0.01923077,0.9807692,,0,0.08441558,,0,0.05882353,0.2107438,1,0,1.506427E-05,0,0,4.966069E-06,7.798916E-05
60.30952,"2020-03-24 07:25:43",阿尔巴尼亚,104,0,0,2,102,0,0.01923077,0.9807692,,0,0.08441558,,0,0.05882353,0.2107438,1,0,1.506427E-05,0,0,4.966069E-06,7.798916E-05
60.41782,"2020-03-24 10:01:40",阿尔巴尼亚,104,0,0,2,102,0,0.01923077,0.9807692,,0,0.08441558,,0,0.05882353,0.2107438,1,0,1.506427E-05,0,0,4.966069E-06,7.798916E-05
60.44418,"2020-03-24 10:39:37",阿尔巴尼亚,104,0,0,2,102,0,0.01923077,0.9807692,,0,0.08441558,,0,0.05882353,0.2107438,1,0,1.506427E-05,0,0,4.966069E-06,7.798916E-05
60.45574,"2020-03-24 10:56:16",阿尔巴尼亚,104,0,0,2,102,0,0.01923077,0.9807692,,0,0.08441558,,0,0.05882353,0.2107438,1,0,1.506427E-05,0,0,4.966069E-06,7.798916E-05
60.51336,"2020-03-24 12:19:14",阿尔巴尼亚,104,0,0,2,102,0,0.01923077,0.9807692,,0,0.08441558,,0,0.05882353,0.2107438,1,0,1.506427E-05,0,0,4.966069E-06,7.798916E-05
60.62437,"2020-03-24 14:59:06",阿尔巴尼亚,104,0,0,2,102,0,0.01923077,0.9807692,,0,0.08441558,,0,0.05882353,0.2107438,1,0,1.506427E-05,0,0,4.966069E-06,7.798916E-05
60.63916,"2020-03-24 15:20:23",阿尔巴尼亚,104,0,0,2,102,0,0.01923077,0.9807692,,0,0.08441558,,0,0.05882353,0.2107438,1,0,1.506427E-05,0,0,4.966069E-06,7.798916E-05
60.66175,"2020-03-24 15:52:55",阿尔巴尼亚,104,0,0,2,102,0,0.01923077,0.9807692,,0,0.08441558,,0,0.05882353,0.2107438,1,0,1.506427E-05,0,0,4.966069E-06,7.798916E-05
60.66488,"2020-03-24 15:57:26",阿尔巴尼亚,104,0,0,2,102,0,0.01923077,0.9807692,,0,0.08441558,,0,0.05882353,0.2107438,1,0,1.506427E-05,0,0,4.966069E-06,7.798916E-05
60.67425,"2020-03-24 16:10:55",阿尔巴尼亚,104,0,0,2,102,0,0.01923077,0.9807692,,0,0.08441558,,0,0.05882353,0.2107438,1,0,1.506427E-05,0,0,4.966069E-06,7.798916E-05
60.71506,"2020-03-24 17:09:41",阿尔巴尼亚,104,0,0,2,102,0,0.01923077,0.9807692,,0,0.08441558,,0,0.05882353,0.2107438,1,0,1.506427E-05,0,0,4.966069E-06,7.798916E-05
60.75425,"2020-03-24 18:06:07",阿尔巴尼亚,104,0,0,2,102,0,0.01923077,0.9807692,,0,0.08441558,,0,0.05882353,0.2107438,1,0,1.506427E-05,0,0,4.966069E-06,7.798916E-05
60.80522,"2020-03-24 19:19:31",阿尔巴尼亚,104,0,0,2,102,0,0.01923077,0.9807692,,0,0.08441558,,0,0.05882353,0.2107438,1,0,1.506427E-05,0,0,4.966069E-06,7.798916E-05
60.87705,"2020-03-24 21:02:57",阿尔巴尼亚,104,0,0,2,102,0,0.01923077,0.9807692,,0,0.08441558,,0,0.05882353,0.2107438,1,0,1.506427E-05,0,0,4.966069E-06,7.798916E-05
60.87783,"2020-03-24 21:04:05",阿尔巴尼亚,104,0,0,2,102,0,0.01923077,0.9807692,,0,0.08441558,,0,0.05882353,0.2107438,1,0,1.506427E-05,0,0,4.966069E-06,7.798916E-05
60.90768,"2020-03-24 21:47:04",阿尔巴尼亚,104,0,0,2,102,0,0.01923077,0.9807692,,0,0.08441558,,0,0.05882353,0.2107438,1,0,1.506427E-05,0,0,4.966069E-06,7.798916E-05
60.91618,"2020-03-24 21:59:18",阿尔巴尼亚,104,0,0,2,102,0,0.01923077,0.9807692,,0,0.08441558,,0,0.05882353,0.2107438,1,0,1.506427E-05,0,0,4.966069E-06,7.798916E-05
60.92802,"2020-03-24 22:16:21",阿尔巴尼亚,104,0,0,2,102,0,0.01923077,0.9807692,,0,0.08441558,,0,0.05882353,0.2107438,1,0,1.506427E-05,0,0,4.966069E-06,7.798916E-05
61.03349,"2020-03-25 00:48:13",阿尔巴尼亚,104,0,0,2,102,0,0.01923077,0.9807692,,0,0.08441558,,0,0.05882353,0.2107438,1,0,1.506427E-05,0,0,4.966069E-06,7.798916E-05
61.27872,"2020-03-25 06:41:21",阿尔巴尼亚,104,0,0,2,102,0,0.01923077,0.9807692,,0,0.08441558,,0,0.05882353,0.2107438,1,0,1.506427E-05,0,0,4.966069E-06,7.798916E-05
61.28547,"2020-03-25 06:51:05",阿尔巴尼亚,123,0,10,2,111,0.08130081,0.01626016,0.902439,0.2,5,0.09983766,,0.0140056,0.05882353,0.2293388,0.1666667,0.8333333,1.78164E-05,0,3.263317E-06,4.966069E-06,8.487056E-05
61.61322,"2020-03-25 14:43:02",阿尔巴尼亚,123,0,10,4,109,0.08130081,0.03252032,0.8861789,0.4,2.5,0.09983766,,0.0140056,0.1176471,0.2252066,0.2857143,0.7142857,1.78164E-05,0,3.263317E-06,9.932139E-06,8.334137E-05
61.64619,"2020-03-25 15:30:31",阿尔巴尼亚,123,0,10,4,109,0.08130081,0.03252032,0.8861789,0.4,2.5,0.09983766,,0.0140056,0.1176471,0.2252066,0.2857143,0.7142857,1.78164E-05,0,3.263317E-06,9.932139E-06,8.334137E-05
61.7325,"2020-03-25 17:34:48",阿尔巴尼亚,123,0,10,4,109,0.08130081,0.03252032,0.8861789,0.4,2.5,0.09983766,,0.0140056,0.1176471,0.2252066,0.2857143,0.7142857,1.78164E-05,0,3.263317E-06,9.932139E-06,8.334137E-05
61.78518,"2020-03-25 18:50:39",阿尔巴尼亚,123,0,10,4,109,0.08130081,0.03252032,0.8861789,0.4,2.5,0.09983766,,0.0140056,0.1176471,0.2252066,0.2857143,0.7142857,1.78164E-05,0,3.263317E-06,9.932139E-06,8.334137E-05
61.8223,"2020-03-25 19:44:07",阿尔巴尼亚,123,0,10,4,109,0.08130081,0.03252032,0.8861789,0.4,2.5,0.09983766,,0.0140056,0.1176471,0.2252066,0.2857143,0.7142857,1.78164E-05,0,3.263317E-06,9.932139E-06,8.334137E-05
61.84539,"2020-03-25 20:17:22",阿尔巴尼亚,123,0,10,4,109,0.08130081,0.03252032,0.8861789,0.4,2.5,0.09983766,,0.0140056,0.1176471,0.2252066,0.2857143,0.7142857,1.78164E-05,0,3.263317E-06,9.932139E-06,8.334137E-05
61.97947,"2020-03-25 23:30:26",阿尔巴尼亚,123,0,10,4,109,0.08130081,0.03252032,0.8861789,0.4,2.5,0.09983766,,0.0140056,0.1176471,0.2252066,0.2857143,0.7142857,1.78164E-05,0,3.263317E-06,9.932139E-06,8.334137E-05
61.99971,"2020-03-25 23:59:35",阿尔巴尼亚,123,0,10,4,109,0.08130081,0.03252032,0.8861789,0.4,2.5,0.09983766,,0.0140056,0.1176471,0.2252066,0.2857143,0.7142857,1.78164E-05,0,3.263317E-06,9.932139E-06,8.334137E-05
62.04814,"2020-03-26 01:09:19",阿尔巴尼亚,123,0,10,4,109,0.08130081,0.03252032,0.8861789,0.4,2.5,0.09983766,,0.0140056,0.1176471,0.2252066,0.2857143,0.7142857,1.78164E-05,0,3.263317E-06,9.932139E-06,8.334137E-05
62.25301,"2020-03-26 06:04:20",阿尔巴尼亚,123,0,10,4,109,0.08130081,0.03252032,0.8861789,0.4,2.5,0.09983766,,0.0140056,0.1176471,0.2252066,0.2857143,0.7142857,1.78164E-05,0,3.263317E-06,9.932139E-06,8.334137E-05
62.25505,"2020-03-26 06:07:16",阿尔巴尼亚,123,0,10,4,109,0.08130081,0.03252032,0.8861789,0.4,2.5,0.09983766,,0.0140056,0.1176471,0.2252066,0.2857143,0.7142857,1.78164E-05,0,3.263317E-06,9.932139E-06,8.334137E-05
62.25708,"2020-03-26 06:10:12",阿尔巴尼亚,123,0,10,4,109,0.08130081,0.03252032,0.8861789,0.4,2.5,0.09983766,,0.0140056,0.1176471,0.2252066,0.2857143,0.7142857,1.78164E-05,0,3.263317E-06,9.932139E-06,8.334137E-05
62.26777,"2020-03-26 06:25:35",阿尔巴尼亚,123,0,10,4,109,0.08130081,0.03252032,0.8861789,0.4,2.5,0.09983766,,0.0140056,0.1176471,0.2252066,0.2857143,0.7142857,1.78164E-05,0,3.263317E-06,9.932139E-06,8.334137E-05
62.2753,"2020-03-26 06:36:26",阿尔巴尼亚,123,0,10,4,109,0.08130081,0.03252032,0.8861789,0.4,2.5,0.09983766,,0.0140056,0.1176471,0.2252066,0.2857143,0.7142857,1.78164E-05,0,3.263317E-06,9.932139E-06,8.334137E-05
62.27792,"2020-03-26 06:40:12",阿尔巴尼亚,123,0,10,4,109,0.08130081,0.03252032,0.8861789,0.4,2.5,0.09983766,,0.0140056,0.1176471,0.2252066,0.2857143,0.7142857,1.78164E-05,0,3.263317E-06,9.932139E-06,8.334137E-05
62.28788,"2020-03-26 06:54:33",阿尔巴尼亚,123,0,10,4,109,0.08130081,0.03252032,0.8861789,0.4,2.5,0.09983766,,0.0140056,0.1176471,0.2252066,0.2857143,0.7142857,1.78164E-05,0,3.263317E-06,9.932139E-06,8.334137E-05
62.29324,"2020-03-26 07:02:16",阿尔巴尼亚,146,0,10,5,131,0.06849315,0.03424658,0.8972602,0.5,2,0.1185065,,0.0140056,0.1470588,0.2706611,0.3333333,0.6666667,2.114792E-05,0,3.263317E-06,1.241517E-05,0.0001001626
62.303,"2020-03-26 07:16:19",阿尔巴尼亚,146,0,10,5,131,0.06849315,0.03424658,0.8972602,0.5,2,0.1185065,,0.0140056,0.1470588,0.2706611,0.3333333,0.6666667,2.114792E-05,0,3.263317E-06,1.241517E-05,0.0001001626
62.30845,"2020-03-26 07:24:10",阿尔巴尼亚,146,0,10,5,131,0.06849315,0.03424658,0.8972602,0.5,2,0.1185065,,0.0140056,0.1470588,0.2706611,0.3333333,0.6666667,2.114792E-05,0,3.263317E-06,1.241517E-05,0.0001001626
62.33426,"2020-03-26 08:01:20",阿尔巴尼亚,146,0,10,5,131,0.06849315,0.03424658,0.8972602,0.5,2,0.1185065,,0.0140056,0.1470588,0.2706611,0.3333333,0.6666667,2.114792E-05,0,3.263317E-06,1.241517E-05,0.0001001626
62.41758,"2020-03-26 10:01:19",阿尔巴尼亚,146,0,10,5,131,0.06849315,0.03424658,0.8972602,0.5,2,0.1185065,,0.0140056,0.1470588,0.2706611,0.3333333,0.6666667,2.114792E-05,0,3.263317E-06,1.241517E-05,0.0001001626
62.42668,"2020-03-26 10:14:25",阿尔巴尼亚,146,0,10,5,131,0.06849315,0.03424658,0.8972602,0.5,2,0.1185065,,0.0140056,0.1470588,0.2706611,0.3333333,0.6666667,2.114792E-05,0,3.263317E-06,1.241517E-05,0.0001001626
62.52244,"2020-03-26 12:32:19",阿尔巴尼亚,146,0,10,5,131,0.06849315,0.03424658,0.8972602,0.5,2,0.1185065,,0.0140056,0.1470588,0.2706611,0.3333333,0.6666667,2.114792E-05,0,3.263317E-06,1.241517E-05,0.0001001626
62.52662,"2020-03-26 12:38:20",阿尔巴尼亚,146,0,10,5,131,0.06849315,0.03424658,0.8972602,0.5,2,0.1185065,,0.0140056,0.1470588,0.2706611,0.3333333,0.6666667,2.114792E-05,0,3.263317E-06,1.241517E-05,0.0001001626
62.57919,"2020-03-26 13:54:02",阿尔巴尼亚,146,0,10,5,131,0.06849315,0.03424658,0.8972602,0.5,2,0.1185065,,0.0140056,0.1470588,0.2706611,0.3333333,0.6666667,2.114792E-05,0,3.263317E-06,1.241517E-05,0.0001001626
62.59394,"2020-03-26 14:15:16",阿尔巴尼亚,146,0,10,5,131,0.06849315,0.03424658,0.8972602,0.5,2,0.1185065,,0.0140056,0.1470588,0.2706611,0.3333333,0.6666667,2.114792E-05,0,3.263317E-06,1.241517E-05,0.0001001626
62.61,"2020-03-26 14:38:24",阿尔巴尼亚,146,0,10,5,131,0.06849315,0.03424658,0.8972602,0.5,2,0.1185065,,0.0140056,0.1470588,0.2706611,0.3333333,0.6666667,2.114792E-05,0,3.263317E-06,1.241517E-05,0.0001001626
62.64687,"2020-03-26 15:31:30",阿尔巴尼亚,146,0,10,5,131,0.06849315,0.03424658,0.8972602,0.5,2,0.1185065,,0.0140056,0.1470588,0.2706611,0.3333333,0.6666667,2.114792E-05,0,3.263317E-06,1.241517E-05,0.0001001626
62.69128,"2020-03-26 16:35:27",阿尔巴尼亚,146,0,10,5,131,0.06849315,0.03424658,0.8972602,0.5,2,0.1185065,,0.0140056,0.1470588,0.2706611,0.3333333,0.6666667,2.114792E-05,0,3.263317E-06,1.241517E-05,0.0001001626
62.7002,"2020-03-26 16:48:17",阿尔巴尼亚,146,0,10,5,131,0.06849315,0.03424658,0.8972602,0.5,2,0.1185065,,0.0140056,0.1470588,0.2706611,0.3333333,0.6666667,2.114792E-05,0,3.263317E-06,1.241517E-05,0.0001001626
62.70078,"2020-03-26 16:49:07",阿尔巴尼亚,146,0,10,5,131,0.06849315,0.03424658,0.8972602,0.5,2,0.1185065,,0.0140056,0.1470588,0.2706611,0.3333333,0.6666667,2.114792E-05,0,3.263317E-06,1.241517E-05,0.0001001626
62.70513,"2020-03-26 16:55:23",阿尔巴尼亚,146,0,10,5,131,0.06849315,0.03424658,0.8972602,0.5,2,0.1185065,,0.0140056,0.1470588,0.2706611,0.3333333,0.6666667,2.114792E-05,0,3.263317E-06,1.241517E-05,0.0001001626
62.71632,"2020-03-26 17:11:30",阿尔巴尼亚,146,0,10,5,131,0.06849315,0.03424658,0.8972602,0.5,2,0.1185065,,0.0140056,0.1470588,0.2706611,0.3333333,0.6666667,2.114792E-05,0,3.263317E-06,1.241517E-05,0.0001001626
62.80246,"2020-03-26 19:15:33",阿尔巴尼亚,146,0,10,5,131,0.06849315,0.03424658,0.8972602,0.5,2,0.1185065,,0.0140056,0.1470588,0.2706611,0.3333333,0.6666667,2.114792E-05,0,3.263317E-06,1.241517E-05,0.0001001626
62.8065,"2020-03-26 19:21:22",阿尔巴尼亚,146,0,10,5,131,0.06849315,0.03424658,0.8972602,0.5,2,0.1185065,,0.0140056,0.1470588,0.2706611,0.3333333,0.6666667,2.114792E-05,0,3.263317E-06,1.241517E-05,0.0001001626
62.82047,"2020-03-26 19:41:29",阿尔巴尼亚,146,0,10,5,131,0.06849315,0.03424658,0.8972602,0.5,2,0.1185065,,0.0140056,0.1470588,0.2706611,0.3333333,0.6666667,2.114792E-05,0,3.263317E-06,1.241517E-05,0.0001001626
62.84871,"2020-03-26 20:22:08",阿尔巴尼亚,146,0,10,5,131,0.06849315,0.03424658,0.8972602,0.5,2,0.1185065,,0.0140056,0.1470588,0.2706611,0.3333333,0.6666667,2.114792E-05,0,3.263317E-06,1.241517E-05,0.0001001626
62.92226,"2020-03-26 22:08:03",阿尔巴尼亚,146,0,10,5,131,0.06849315,0.03424658,0.8972602,0.5,2,0.1185065,,0.0140056,0.1470588,0.2706611,0.3333333,0.6666667,2.114792E-05,0,3.263317E-06,1.241517E-05,0.0001001626
62.92646,"2020-03-26 22:14:06",阿尔巴尼亚,146,0,10,5,131,0.06849315,0.03424658,0.8972602,0.5,2,0.1185065,,0.0140056,0.1470588,0.2706611,0.3333333,0.6666667,2.114792E-05,0,3.263317E-06,1.241517E-05,0.0001001626
62.96149,"2020-03-26 23:04:33",阿尔巴尼亚,146,0,10,5,131,0.06849315,0.03424658,0.8972602,0.5,2,0.1185065,,0.0140056,0.1470588,0.2706611,0.3333333,0.6666667,2.114792E-05,0,3.263317E-06,1.241517E-05,0.0001001626
63.30337,"2020-03-27 07:16:51",阿尔巴尼亚,146,0,10,5,131,0.06849315,0.03424658,0.8972602,0.5,2,0.1185065,,0.0140056,0.1470588,0.2706611,0.3333333,0.6666667,2.114792E-05,0,3.263317E-06,1.241517E-05,0.0001001626
63.33982,"2020-03-27 08:09:21",阿尔巴尼亚,174,0,10,5,159,0.05747126,0.02873563,0.9137931,0.5,2,0.1412338,,0.0140056,0.1470588,0.3285124,0.3333333,0.6666667,2.520369E-05,0,3.263317E-06,1.241517E-05,0.0001215713
63.36087,"2020-03-27 08:39:39",阿尔巴尼亚,174,0,10,5,159,0.05747126,0.02873563,0.9137931,0.5,2,0.1412338,,0.0140056,0.1470588,0.3285124,0.3333333,0.6666667,2.520369E-05,0,3.263317E-06,1.241517E-05,0.0001215713
63.39723,"2020-03-27 09:32:01",阿尔巴尼亚,174,0,10,5,159,0.05747126,0.02873563,0.9137931,0.5,2,0.1412338,,0.0140056,0.1470588,0.3285124,0.3333333,0.6666667,2.520369E-05,0,3.263317E-06,1.241517E-05,0.0001215713
63.41808,"2020-03-27 10:02:02",阿尔巴尼亚,174,0,10,5,159,0.05747126,0.02873563,0.9137931,0.5,2,0.1412338,,0.0140056,0.1470588,0.3285124,0.3333333,0.6666667,2.520369E-05,0,3.263317E-06,1.241517E-05,0.0001215713
63.41877,"2020-03-27 10:03:02",阿尔巴尼亚,174,0,10,5,159,0.05747126,0.02873563,0.9137931,0.5,2,0.1412338,,0.0140056,0.1470588,0.3285124,0.3333333,0.6666667,2.520369E-05,0,3.263317E-06,1.241517E-05,0.0001215713
63.43335,"2020-03-27 10:24:01",阿尔巴尼亚,174,0,10,5,159,0.05747126,0.02873563,0.9137931,0.5,2,0.1412338,,0.0140056,0.1470588,0.3285124,0.3333333,0.6666667,2.520369E-05,0,3.263317E-06,1.241517E-05,0.0001215713
63.50468,"2020-03-27 12:06:44",阿尔巴尼亚,174,0,10,5,159,0.05747126,0.02873563,0.9137931,0.5,2,0.1412338,,0.0140056,0.1470588,0.3285124,0.3333333,0.6666667,2.520369E-05,0,3.263317E-06,1.241517E-05,0.0001215713
63.53059,"2020-03-27 12:44:03",阿尔巴尼亚,174,0,10,5,159,0.05747126,0.02873563,0.9137931,0.5,2,0.1412338,,0.0140056,0.1470588,0.3285124,0.3333333,0.6666667,2.520369E-05,0,3.263317E-06,1.241517E-05,0.0001215713
63.60417,"2020-03-27 14:30:00",阿尔巴尼亚,174,0,10,5,159,0.05747126,0.02873563,0.9137931,0.5,2,0.1412338,,0.0140056,0.1470588,0.3285124,0.3333333,0.6666667,2.520369E-05,0,3.263317E-06,1.241517E-05,0.0001215713
63.6063,"2020-03-27 14:33:04",阿尔巴尼亚,174,0,10,5,159,0.05747126,0.02873563,0.9137931,0.5,2,0.1412338,,0.0140056,0.1470588,0.3285124,0.3333333,0.6666667,2.520369E-05,0,3.263317E-06,1.241517E-05,0.0001215713
63.79922,"2020-03-27 19:10:53",阿尔巴尼亚,174,0,10,5,159,0.05747126,0.02873563,0.9137931,0.5,2,0.1412338,,0.0140056,0.1470588,0.3285124,0.3333333,0.6666667,2.520369E-05,0,3.263317E-06,1.241517E-05,0.0001215713
63.863,"2020-03-27 20:42:43",阿尔巴尼亚,186,0,10,8,168,0.05376344,0.04301075,0.9032258,0.8,1.25,0.150974,,0.0140056,0.2352941,0.3471074,0.4444444,0.5555556,2.694187E-05,0,3.263317E-06,1.986428E-05,0.0001284527
64.26659,"2020-03-28 06:23:53",阿尔巴尼亚,186,0,10,8,168,0.05376344,0.04301075,0.9032258,0.8,1.25,0.150974,,0.0140056,0.2352941,0.3471074,0.4444444,0.5555556,2.694187E-05,0,3.263317E-06,1.986428E-05,0.0001284527
64.2729,"2020-03-28 06:32:58",阿尔巴尼亚,186,0,10,8,168,0.05376344,0.04301075,0.9032258,0.8,1.25,0.150974,,0.0140056,0.2352941,0.3471074,0.4444444,0.5555556,2.694187E-05,0,3.263317E-06,1.986428E-05,0.0001284527
64.3003,"2020-03-28 07:12:26",阿尔巴尼亚,186,0,10,8,168,0.05376344,0.04301075,0.9032258,0.8,1.25,0.150974,,0.0140056,0.2352941,0.3471074,0.4444444,0.5555556,2.694187E-05,0,3.263317E-06,1.986428E-05,0.0001284527
64.39362,"2020-03-28 09:26:49",阿尔巴尼亚,186,0,10,8,168,0.05376344,0.04301075,0.9032258,0.8,1.25,0.150974,,0.0140056,0.2352941,0.3471074,0.4444444,0.5555556,2.694187E-05,0,3.263317E-06,1.986428E-05,0.0001284527
64.41755,"2020-03-28 10:01:16",阿尔巴尼亚,186,0,10,8,168,0.05376344,0.04301075,0.9032258,0.8,1.25,0.150974,,0.0140056,0.2352941,0.3471074,0.4444444,0.5555556,2.694187E-05,0,3.263317E-06,1.986428E-05,0.0001284527
64.47018,"2020-03-28 11:17:03",阿尔巴尼亚,186,0,10,8,168,0.05376344,0.04301075,0.9032258,0.8,1.25,0.150974,,0.0140056,0.2352941,0.3471074,0.4444444,0.5555556,2.694187E-05,0,3.263317E-06,1.986428E-05,0.0001284527
64.48139,"2020-03-28 11:33:12",阿尔巴尼亚,186,0,10,8,168,0.05376344,0.04301075,0.9032258,0.8,1.25,0.150974,,0.0140056,0.2352941,0.3471074,0.4444444,0.5555556,2.694187E-05,0,3.263317E-06,1.986428E-05,0.0001284527
64.50945,"2020-03-28 12:13:36",阿尔巴尼亚,186,0,10,8,168,0.05376344,0.04301075,0.9032258,0.8,1.25,0.150974,,0.0140056,0.2352941,0.3471074,0.4444444,0.5555556,2.694187E-05,0,3.263317E-06,1.986428E-05,0.0001284527
64.64761,"2020-03-28 15:32:33",阿尔巴尼亚,186,0,10,8,168,0.05376344,0.04301075,0.9032258,0.8,1.25,0.150974,,0.0140056,0.2352941,0.3471074,0.4444444,0.5555556,2.694187E-05,0,3.263317E-06,1.986428E-05,0.0001284527
64.78508,"2020-03-28 18:50:31",阿尔巴尼亚,186,0,10,8,168,0.05376344,0.04301075,0.9032258,0.8,1.25,0.150974,,0.0140056,0.2352941,0.3471074,0.4444444,0.5555556,2.694187E-05,0,3.263317E-06,1.986428E-05,0.0001284527
64.80477,"2020-03-28 19:18:52",阿尔巴尼亚,186,0,10,8,168,0.05376344,0.04301075,0.9032258,0.8,1.25,0.150974,,0.0140056,0.2352941,0.3471074,0.4444444,0.5555556,2.694187E-05,0,3.263317E-06,1.986428E-05,0.0001284527
64.91697,"2020-03-28 22:00:26",阿尔巴尼亚,197,0,10,10,177,0.05076142,0.05076142,0.8984771,1,1,0.1599026,,0.0140056,0.2941177,0.3657025,0.5,0.5,2.853521E-05,0,3.263317E-06,2.483035E-05,0.0001353341
64.97025,"2020-03-28 23:17:10",阿尔巴尼亚,197,0,10,10,177,0.05076142,0.05076142,0.8984771,1,1,0.1599026,,0.0140056,0.2941177,0.3657025,0.5,0.5,2.853521E-05,0,3.263317E-06,2.483035E-05,0.0001353341
65.299,"2020-03-29 07:10:34",阿尔巴尼亚,197,0,10,10,177,0.05076142,0.05076142,0.8984771,1,1,0.1599026,,0.0140056,0.2941177,0.3657025,0.5,0.5,2.853521E-05,0,3.263317E-06,2.483035E-05,0.0001353341
65.34319,"2020-03-29 08:14:12",阿尔巴尼亚,197,0,10,10,177,0.05076142,0.05076142,0.8984771,1,1,0.1599026,,0.0140056,0.2941177,0.3657025,0.5,0.5,2.853521E-05,0,3.263317E-06,2.483035E-05,0.0001353341
65.41807,"2020-03-29 10:02:01",阿尔巴尼亚,197,0,10,10,177,0.05076142,0.05076142,0.8984771,1,1,0.1599026,,0.0140056,0.2941177,0.3657025,0.5,0.5,2.853521E-05,0,3.263317E-06,2.483035E-05,0.0001353341
65.54128,"2020-03-29 12:59:27",阿尔巴尼亚,197,0,10,10,177,0.05076142,0.05076142,0.8984771,1,1,0.1599026,,0.0140056,0.2941177,0.3657025,0.5,0.5,2.853521E-05,0,3.263317E-06,2.483035E-05,0.0001353341
65.55811,"2020-03-29 13:23:41",阿尔巴尼亚,197,0,10,10,177,0.05076142,0.05076142,0.8984771,1,1,0.1599026,,0.0140056,0.2941177,0.3657025,0.5,0.5,2.853521E-05,0,3.263317E-06,2.483035E-05,0.0001353341
65.72681,"2020-03-29 17:26:37",阿尔巴尼亚,197,0,10,10,177,0.05076142,0.05076142,0.8984771,1,1,0.1599026,,0.0140056,0.2941177,0.3657025,0.5,0.5,2.853521E-05,0,3.263317E-06,2.483035E-05,0.0001353341
65.77314,"2020-03-29 18:33:19",阿尔巴尼亚,197,0,10,10,177,0.05076142,0.05076142,0.8984771,1,1,0.1599026,,0.0140056,0.2941177,0.3657025,0.5,0.5,2.853521E-05,0,3.263317E-06,2.483035E-05,0.0001353341
65.81385,"2020-03-29 19:31:57",阿尔巴尼亚,197,0,10,10,177,0.05076142,0.05076142,0.8984771,1,1,0.1599026,,0.0140056,0.2941177,0.3657025,0.5,0.5,2.853521E-05,0,3.263317E-06,2.483035E-05,0.0001353341
65.97177,"2020-03-29 23:19:21",阿尔巴尼亚,197,0,10,10,177,0.05076142,0.05076142,0.8984771,1,1,0.1599026,,0.0140056,0.2941177,0.3657025,0.5,0.5,2.853521E-05,0,3.263317E-06,2.483035E-05,0.0001353341
65.98017,"2020-03-29 23:31:27",阿尔巴尼亚,212,0,10,10,192,0.04716981,0.04716981,0.9056604,1,1,0.1720779,,0.0140056,0.2941177,0.3966942,0.5,0.5,3.070794E-05,0,3.263317E-06,2.483035E-05,0.0001468031
65.99841,"2020-03-29 23:57:42",阿尔巴尼亚,212,0,10,10,192,0.04716981,0.04716981,0.9056604,1,1,0.1720779,,0.0140056,0.2941177,0.3966942,0.5,0.5,3.070794E-05,0,3.263317E-06,2.483035E-05,0.0001468031
66.27337,"2020-03-30 06:33:39",阿尔巴尼亚,212,0,10,10,192,0.04716981,0.04716981,0.9056604,1,1,0.1720779,,0.0140056,0.2941177,0.3966942,0.5,0.5,3.070794E-05,0,3.263317E-06,2.483035E-05,0.0001468031
66.27547,"2020-03-30 06:36:41",阿尔巴尼亚,212,0,10,10,192,0.04716981,0.04716981,0.9056604,1,1,0.1720779,,0.0140056,0.2941177,0.3966942,0.5,0.5,3.070794E-05,0,3.263317E-06,2.483035E-05,0.0001468031
66.28667,"2020-03-30 06:52:49",阿尔巴尼亚,212,0,10,10,192,0.04716981,0.04716981,0.9056604,1,1,0.1720779,,0.0140056,0.2941177,0.3966942,0.5,0.5,3.070794E-05,0,3.263317E-06,2.483035E-05,0.0001468031
66.32244,"2020-03-30 07:44:19",阿尔巴尼亚,212,0,10,10,192,0.04716981,0.04716981,0.9056604,1,1,0.1720779,,0.0140056,0.2941177,0.3966942,0.5,0.5,3.070794E-05,0,3.263317E-06,2.483035E-05,0.0001468031
66.41789,"2020-03-30 10:01:46",阿尔巴尼亚,212,0,10,10,192,0.04716981,0.04716981,0.9056604,1,1,0.1720779,,0.0140056,0.2941177,0.3966942,0.5,0.5,3.070794E-05,0,3.263317E-06,2.483035E-05,0.0001468031
66.42421,"2020-03-30 10:10:52",阿尔巴尼亚,212,0,10,10,192,0.04716981,0.04716981,0.9056604,1,1,0.1720779,,0.0140056,0.2941177,0.3966942,0.5,0.5,3.070794E-05,0,3.263317E-06,2.483035E-05,0.0001468031
66.45001,"2020-03-30 10:48:01",阿尔巴尼亚,212,0,10,10,192,0.04716981,0.04716981,0.9056604,1,1,0.1720779,,0.0140056,0.2941177,0.3966942,0.5,0.5,3.070794E-05,0,3.263317E-06,2.483035E-05,0.0001468031
66.46893,"2020-03-30 11:15:15",阿尔巴尼亚,212,0,10,10,192,0.04716981,0.04716981,0.9056604,1,1,0.1720779,,0.0140056,0.2941177,0.3966942,0.5,0.5,3.070794E-05,0,3.263317E-06,2.483035E-05,0.0001468031
66.48647,"2020-03-30 11:40:31",阿尔巴尼亚,212,0,10,10,192,0.04716981,0.04716981,0.9056604,1,1,0.1720779,,0.0140056,0.2941177,0.3966942,0.5,0.5,3.070794E-05,0,3.263317E-06,2.483035E-05,0.0001468031
66.54544,"2020-03-30 13:05:26",阿尔巴尼亚,212,0,10,10,192,0.04716981,0.04716981,0.9056604,1,1,0.1720779,,0.0140056,0.2941177,0.3966942,0.5,0.5,3.070794E-05,0,3.263317E-06,2.483035E-05,0.0001468031
66.70277,"2020-03-30 16:52:00",阿尔巴尼亚,212,0,10,10,192,0.04716981,0.04716981,0.9056604,1,1,0.1720779,,0.0140056,0.2941177,0.3966942,0.5,0.5,3.070794E-05,0,3.263317E-06,2.483035E-05,0.0001468031
66.77237,"2020-03-30 18:32:13",阿尔巴尼亚,212,0,10,10,192,0.04716981,0.04716981,0.9056604,1,1,0.1720779,,0.0140056,0.2941177,0.3966942,0.5,0.5,3.070794E-05,0,3.263317E-06,2.483035E-05,0.0001468031
66.78922,"2020-03-30 18:56:28",阿尔巴尼亚,212,0,10,10,192,0.04716981,0.04716981,0.9056604,1,1,0.1720779,,0.0140056,0.2941177,0.3966942,0.5,0.5,3.070794E-05,0,3.263317E-06,2.483035E-05,0.0001468031
66.80889,"2020-03-30 19:24:48",阿尔巴尼亚,212,0,10,10,192,0.04716981,0.04716981,0.9056604,1,1,0.1720779,,0.0140056,0.2941177,0.3966942,0.5,0.5,3.070794E-05,0,3.263317E-06,2.483035E-05,0.0001468031
66.90858,"2020-03-30 21:48:21",阿尔巴尼亚,212,0,10,10,192,0.04716981,0.04716981,0.9056604,1,1,0.1720779,,0.0140056,0.2941177,0.3966942,0.5,0.5,3.070794E-05,0,3.263317E-06,2.483035E-05,0.0001468031
66.99774,"2020-03-30 23:56:45",阿尔巴尼亚,212,0,10,10,192,0.04716981,0.04716981,0.9056604,1,1,0.1720779,,0.0140056,0.2941177,0.3966942,0.5,0.5,3.070794E-05,0,3.263317E-06,2.483035E-05,0.0001468031
67.30021,"2020-03-31 07:12:18",阿尔巴尼亚,223,0,10,10,203,0.04484305,0.04484305,0.9103139,1,1,0.1810065,,0.0140056,0.2941177,0.4194215,0.5,0.5,3.230128E-05,0,3.263317E-06,2.483035E-05,0.0001552137
67.36408,"2020-03-31 08:44:17",阿尔巴尼亚,223,0,10,10,203,0.04484305,0.04484305,0.9103139,1,1,0.1810065,,0.0140056,0.2941177,0.4194215,0.5,0.5,3.230128E-05,0,3.263317E-06,2.483035E-05,0.0001552137
67.41764,"2020-03-31 10:01:24",阿尔巴尼亚,223,0,10,10,203,0.04484305,0.04484305,0.9103139,1,1,0.1810065,,0.0140056,0.2941177,0.4194215,0.5,0.5,3.230128E-05,0,3.263317E-06,2.483035E-05,0.0001552137
67.51533,"2020-03-31 12:22:04",阿尔巴尼亚,223,0,10,10,203,0.04484305,0.04484305,0.9103139,1,1,0.1810065,,0.0140056,0.2941177,0.4194215,0.5,0.5,3.230128E-05,0,3.263317E-06,2.483035E-05,0.0001552137
67.54969,"2020-03-31 13:11:33",阿尔巴尼亚,223,0,10,10,203,0.04484305,0.04484305,0.9103139,1,1,0.1810065,,0.0140056,0.2941177,0.4194215,0.5,0.5,3.230128E-05,0,3.263317E-06,2.483035E-05,0.0001552137
67.71533,"2020-03-31 17:10:05",阿尔巴尼亚,223,0,10,10,203,0.04484305,0.04484305,0.9103139,1,1,0.1810065,,0.0140056,0.2941177,0.4194215,0.5,0.5,3.230128E-05,0,3.263317E-06,2.483035E-05,0.0001552137
67.79112,"2020-03-31 18:59:13",阿尔巴尼亚,223,0,10,10,203,0.04484305,0.04484305,0.9103139,1,1,0.1810065,,0.0140056,0.2941177,0.4194215,0.5,0.5,3.230128E-05,0,3.263317E-06,2.483035E-05,0.0001552137
67.8031,"2020-03-31 19:16:28",阿尔巴尼亚,223,0,10,10,203,0.04484305,0.04484305,0.9103139,1,1,0.1810065,,0.0140056,0.2941177,0.4194215,0.5,0.5,3.230128E-05,0,3.263317E-06,2.483035E-05,0.0001552137
67.91254,"2020-03-31 21:54:04",阿尔巴尼亚,223,0,10,10,203,0.04484305,0.04484305,0.9103139,1,1,0.1810065,,0.0140056,0.2941177,0.4194215,0.5,0.5,3.230128E-05,0,3.263317E-06,2.483035E-05,0.0001552137
67.92174,"2020-03-31 22:07:18",阿尔巴尼亚,223,0,10,10,203,0.04484305,0.04484305,0.9103139,1,1,0.1810065,,0.0140056,0.2941177,0.4194215,0.5,0.5,3.230128E-05,0,3.263317E-06,2.483035E-05,0.0001552137
67.95189,"2020-03-31 22:50:43",阿尔巴尼亚,223,0,10,10,203,0.04484305,0.04484305,0.9103139,1,1,0.1810065,,0.0140056,0.2941177,0.4194215,0.5,0.5,3.230128E-05,0,3.263317E-06,2.483035E-05,0.0001552137
68.3012,"2020-04-01 07:13:44",阿尔巴尼亚,223,0,10,10,203,0.04484305,0.04484305,0.9103139,1,1,0.1810065,,0.0140056,0.2941177,0.4194215,0.5,0.5,3.230128E-05,0,3.263317E-06,2.483035E-05,0.0001552137
68.31382,"2020-04-01 07:31:54",阿尔巴尼亚,243,0,10,15,218,0.04115226,0.0617284,0.8971193,1.5,0.6666667,0.1972403,,0.0140056,0.4411765,0.4504132,0.6,0.4,3.519825E-05,0,3.263317E-06,3.724552E-05,0.0001666827
68.32785,"2020-04-01 07:52:06",阿尔巴尼亚,243,0,10,15,218,0.04115226,0.0617284,0.8971193,1.5,0.6666667,0.1972403,,0.0140056,0.4411765,0.4504132,0.6,0.4,3.519825E-05,0,3.263317E-06,3.724552E-05,0.0001666827
68.38968,"2020-04-01 09:21:08",阿尔巴尼亚,243,0,10,15,218,0.04115226,0.0617284,0.8971193,1.5,0.6666667,0.1972403,,0.0140056,0.4411765,0.4504132,0.6,0.4,3.519825E-05,0,3.263317E-06,3.724552E-05,0.0001666827
68.40021,"2020-04-01 09:36:18",阿尔巴尼亚,243,0,10,15,218,0.04115226,0.0617284,0.8971193,1.5,0.6666667,0.1972403,,0.0140056,0.4411765,0.4504132,0.6,0.4,3.519825E-05,0,3.263317E-06,3.724552E-05,0.0001666827
68.41776,"2020-04-01 10:01:35",阿尔巴尼亚,243,0,10,15,218,0.04115226,0.0617284,0.8971193,1.5,0.6666667,0.1972403,,0.0140056,0.4411765,0.4504132,0.6,0.4,3.519825E-05,0,3.263317E-06,3.724552E-05,0.0001666827
68.5252,"2020-04-01 12:36:17",阿尔巴尼亚,243,0,10,15,218,0.04115226,0.0617284,0.8971193,1.5,0.6666667,0.1972403,,0.0140056,0.4411765,0.4504132,0.6,0.4,3.519825E-05,0,3.263317E-06,3.724552E-05,0.0001666827
68.8103,"2020-04-01 19:26:50",阿尔巴尼亚,243,0,10,15,218,0.04115226,0.0617284,0.8971193,1.5,0.6666667,0.1972403,,0.0140056,0.4411765,0.4504132,0.6,0.4,3.519825E-05,0,3.263317E-06,3.724552E-05,0.0001666827
68.81311,"2020-04-01 19:30:53",阿尔巴尼亚,243,0,10,15,218,0.04115226,0.0617284,0.8971193,1.5,0.6666667,0.1972403,,0.0140056,0.4411765,0.4504132,0.6,0.4,3.519825E-05,0,3.263317E-06,3.724552E-05,0.0001666827
68.88901,"2020-04-01 21:20:10",阿尔巴尼亚,243,0,10,15,218,0.04115226,0.0617284,0.8971193,1.5,0.6666667,0.1972403,,0.0140056,0.4411765,0.4504132,0.6,0.4,3.519825E-05,0,3.263317E-06,3.724552E-05,0.0001666827
69.28337,"2020-04-02 06:48:03",阿尔巴尼亚,259,0,10,15,234,0.03861004,0.05791506,0.9034749,1.5,0.6666667,0.2102273,,0.0140056,0.4411765,0.4834711,0.6,0.4,3.751583E-05,0,3.263317E-06,3.724552E-05,0.0001789163
69.29607,"2020-04-02 07:06:20",阿尔巴尼亚,259,0,10,15,234,0.03861004,0.05791506,0.9034749,1.5,0.6666667,0.2102273,,0.0140056,0.4411765,0.4834711,0.6,0.4,3.751583E-05,0,3.263317E-06,3.724552E-05,0.0001789163
69.30099,"2020-04-02 07:13:25",阿尔巴尼亚,259,0,10,15,234,0.03861004,0.05791506,0.9034749,1.5,0.6666667,0.2102273,,0.0140056,0.4411765,0.4834711,0.6,0.4,3.751583E-05,0,3.263317E-06,3.724552E-05,0.0001789163
69.30449,"2020-04-02 07:18:28",阿尔巴尼亚,259,0,10,15,234,0.03861004,0.05791506,0.9034749,1.5,0.6666667,0.2102273,,0.0140056,0.4411765,0.4834711,0.6,0.4,3.751583E-05,0,3.263317E-06,3.724552E-05,0.0001789163
69.3136,"2020-04-02 07:31:35",阿尔巴尼亚,259,0,10,15,234,0.03861004,0.05791506,0.9034749,1.5,0.6666667,0.2102273,,0.0140056,0.4411765,0.4834711,0.6,0.4,3.751583E-05,0,3.263317E-06,3.724552E-05,0.0001789163
69.41763,"2020-04-02 10:01:23",阿尔巴尼亚,259,0,10,15,234,0.03861004,0.05791506,0.9034749,1.5,0.6666667,0.2102273,,0.0140056,0.4411765,0.4834711,0.6,0.4,3.751583E-05,0,3.263317E-06,3.724552E-05,0.0001789163
69.537,"2020-04-02 12:53:17",阿尔巴尼亚,259,0,10,15,234,0.03861004,0.05791506,0.9034749,1.5,0.6666667,0.2102273,,0.0140056,0.4411765,0.4834711,0.6,0.4,3.751583E-05,0,3.263317E-06,3.724552E-05,0.0001789163
69.57633,"2020-04-02 13:49:55",阿尔巴尼亚,259,0,10,15,234,0.03861004,0.05791506,0.9034749,1.5,0.6666667,0.2102273,,0.0140056,0.4411765,0.4834711,0.6,0.4,3.751583E-05,0,3.263317E-06,3.724552E-05,0.0001789163
69.64876,"2020-04-02 15:34:13",阿尔巴尼亚,259,0,10,15,234,0.03861004,0.05791506,0.9034749,1.5,0.6666667,0.2102273,,0.0140056,0.4411765,0.4834711,0.6,0.4,3.751583E-05,0,3.263317E-06,3.724552E-05,0.0001789163
69.6889,"2020-04-02 16:32:01",阿尔巴尼亚,259,0,10,15,234,0.03861004,0.05791506,0.9034749,1.5,0.6666667,0.2102273,,0.0140056,0.4411765,0.4834711,0.6,0.4,3.751583E-05,0,3.263317E-06,3.724552E-05,0.0001789163
69.70348,"2020-04-02 16:53:01",阿尔巴尼亚,259,0,10,15,234,0.03861004,0.05791506,0.9034749,1.5,0.6666667,0.2102273,,0.0140056,0.4411765,0.4834711,0.6,0.4,3.751583E-05,0,3.263317E-06,3.724552E-05,0.0001789163
69.74725,"2020-04-02 17:56:02",阿尔巴尼亚,259,0,10,15,234,0.03861004,0.05791506,0.9034749,1.5,0.6666667,0.2102273,,0.0140056,0.4411765,0.4834711,0.6,0.4,3.751583E-05,0,3.263317E-06,3.724552E-05,0.0001789163
69.81316,"2020-04-02 19:30:57",阿尔巴尼亚,259,0,10,15,234,0.03861004,0.05791506,0.9034749,1.5,0.6666667,0.2102273,,0.0140056,0.4411765,0.4834711,0.6,0.4,3.751583E-05,0,3.263317E-06,3.724552E-05,0.0001789163
69.82722,"2020-04-02 19:51:12",阿尔巴尼亚,277,0,10,16,251,0.03610108,0.05776173,0.9061372,1.6,0.625,0.2248377,,0.0140056,0.4705882,0.518595,0.6153846,0.3846154,4.012311E-05,0,3.263317E-06,3.972855E-05,0.0001919145
69.83428,"2020-04-02 20:01:22",阿尔巴尼亚,277,0,10,16,251,0.03610108,0.05776173,0.9061372,1.6,0.625,0.2248377,,0.0140056,0.4705882,0.518595,0.6153846,0.3846154,4.012311E-05,0,3.263317E-06,3.972855E-05,0.0001919145
69.89184,"2020-04-02 21:24:15",阿尔巴尼亚,277,0,10,16,251,0.03610108,0.05776173,0.9061372,1.6,0.625,0.2248377,,0.0140056,0.4705882,0.518595,0.6153846,0.3846154,4.012311E-05,0,3.263317E-06,3.972855E-05,0.0001919145
70.27647,"2020-04-03 06:38:07",阿尔巴尼亚,277,0,10,16,251,0.03610108,0.05776173,0.9061372,1.6,0.625,0.2248377,,0.0140056,0.4705882,0.518595,0.6153846,0.3846154,4.012311E-05,0,3.263317E-06,3.972855E-05,0.0001919145
70.2905,"2020-04-03 06:58:19",阿尔巴尼亚,277,0,10,16,251,0.03610108,0.05776173,0.9061372,1.6,0.625,0.2248377,,0.0140056,0.4705882,0.518595,0.6153846,0.3846154,4.012311E-05,0,3.263317E-06,3.972855E-05,0.0001919145
70.29119,"2020-04-03 06:59:19",阿尔巴尼亚,277,0,10,16,251,0.03610108,0.05776173,0.9061372,1.6,0.625,0.2248377,,0.0140056,0.4705882,0.518595,0.6153846,0.3846154,4.012311E-05,0,3.263317E-06,3.972855E-05,0.0001919145
70.30666,"2020-04-03 07:21:36",阿尔巴尼亚,277,0,10,16,251,0.03610108,0.05776173,0.9061372,1.6,0.625,0.2248377,,0.0140056,0.4705882,0.518595,0.6153846,0.3846154,4.012311E-05,0,3.263317E-06,3.972855E-05,0.0001919145
70.41769,"2020-04-03 10:01:29",阿尔巴尼亚,277,0,10,16,251,0.03610108,0.05776173,0.9061372,1.6,0.625,0.2248377,,0.0140056,0.4705882,0.518595,0.6153846,0.3846154,4.012311E-05,0,3.263317E-06,3.972855E-05,0.0001919145
70.44997,"2020-04-03 10:47:58",阿尔巴尼亚,277,0,10,16,251,0.03610108,0.05776173,0.9061372,1.6,0.625,0.2248377,,0.0140056,0.4705882,0.518595,0.6153846,0.3846154,4.012311E-05,0,3.263317E-06,3.972855E-05,0.0001919145
70.53426,"2020-04-03 12:49:20",阿尔巴尼亚,277,0,10,16,251,0.03610108,0.05776173,0.9061372,1.6,0.625,0.2248377,,0.0140056,0.4705882,0.518595,0.6153846,0.3846154,4.012311E-05,0,3.263317E-06,3.972855E-05,0.0001919145
70.5834,"2020-04-03 14:00:06",阿尔巴尼亚,277,0,10,16,251,0.03610108,0.05776173,0.9061372,1.6,0.625,0.2248377,,0.0140056,0.4705882,0.518595,0.6153846,0.3846154,4.012311E-05,0,3.263317E-06,3.972855E-05,0.0001919145
70.60105,"2020-04-03 14:25:31",阿尔巴尼亚,277,0,10,16,251,0.03610108,0.05776173,0.9061372,1.6,0.625,0.2248377,,0.0140056,0.4705882,0.518595,0.6153846,0.3846154,4.012311E-05,0,3.263317E-06,3.972855E-05,0.0001919145
70.771,"2020-04-03 18:30:15",阿尔巴尼亚,277,0,10,16,251,0.03610108,0.05776173,0.9061372,1.6,0.625,0.2248377,,0.0140056,0.4705882,0.518595,0.6153846,0.3846154,4.012311E-05,0,3.263317E-06,3.972855E-05,0.0001919145
70.81734,"2020-04-03 19:36:58",阿尔巴尼亚,277,0,10,16,251,0.03610108,0.05776173,0.9061372,1.6,0.625,0.2248377,,0.0140056,0.4705882,0.518595,0.6153846,0.3846154,4.012311E-05,0,3.263317E-06,3.972855E-05,0.0001919145
70.89816,"2020-04-03 21:33:21",阿尔巴尼亚,277,0,10,16,251,0.03610108,0.05776173,0.9061372,1.6,0.625,0.2248377,,0.0140056,0.4705882,0.518595,0.6153846,0.3846154,4.012311E-05,0,3.263317E-06,3.972855E-05,0.0001919145
71.33065,"2020-04-04 07:56:08",阿尔巴尼亚,304,0,10,16,278,0.03289474,0.05263158,0.9144737,1.6,0.625,0.2467532,,0.0140056,0.4705882,0.5743802,0.6153846,0.3846154,4.403403E-05,0,3.263317E-06,3.972855E-05,0.0002125587
71.35318,"2020-04-04 08:28:35",阿尔巴尼亚,304,0,10,16,278,0.03289474,0.05263158,0.9144737,1.6,0.625,0.2467532,,0.0140056,0.4705882,0.5743802,0.6153846,0.3846154,4.403403E-05,0,3.263317E-06,3.972855E-05,0.0002125587
71.41785,"2020-04-04 10:01:42",阿尔巴尼亚,304,0,10,16,278,0.03289474,0.05263158,0.9144737,1.6,0.625,0.2467532,,0.0140056,0.4705882,0.5743802,0.6153846,0.3846154,4.403403E-05,0,3.263317E-06,3.972855E-05,0.0002125587
71.47419,"2020-04-04 11:22:50",阿尔巴尼亚,304,0,10,16,278,0.03289474,0.05263158,0.9144737,1.6,0.625,0.2467532,,0.0140056,0.4705882,0.5743802,0.6153846,0.3846154,4.403403E-05,0,3.263317E-06,3.972855E-05,0.0002125587
71.4777,"2020-04-04 11:27:53",阿尔巴尼亚,304,0,10,16,278,0.03289474,0.05263158,0.9144737,1.6,0.625,0.2467532,,0.0140056,0.4705882,0.5743802,0.6153846,0.3846154,4.403403E-05,0,3.263317E-06,3.972855E-05,0.0002125587
71.54665,"2020-04-04 13:07:11",阿尔巴尼亚,304,0,10,16,278,0.03289474,0.05263158,0.9144737,1.6,0.625,0.2467532,,0.0140056,0.4705882,0.5743802,0.6153846,0.3846154,4.403403E-05,0,3.263317E-06,3.972855E-05,0.0002125587
71.79333,"2020-04-04 19:02:24",阿尔巴尼亚,333,0,10,18,305,0.03003003,0.05405406,0.9159159,1.8,0.5555556,0.2702922,,0.0140056,0.5294118,0.6301653,0.6428571,0.3571429,4.823464E-05,0,3.263317E-06,4.469463E-05,0.0002332029
71.79967,"2020-04-04 19:11:32",阿尔巴尼亚,333,0,10,18,305,0.03003003,0.05405406,0.9159159,1.8,0.5555556,0.2702922,,0.0140056,0.5294118,0.6301653,0.6428571,0.3571429,4.823464E-05,0,3.263317E-06,4.469463E-05,0.0002332029
72.33705,"2020-04-05 08:05:21",阿尔巴尼亚,333,0,10,18,305,0.03003003,0.05405406,0.9159159,1.8,0.5555556,0.2702922,,0.0140056,0.5294118,0.6301653,0.6428571,0.3571429,4.823464E-05,0,3.263317E-06,4.469463E-05,0.0002332029
72.36792,"2020-04-05 08:49:48",阿尔巴尼亚,333,0,10,18,305,0.03003003,0.05405406,0.9159159,1.8,0.5555556,0.2702922,,0.0140056,0.5294118,0.6301653,0.6428571,0.3571429,4.823464E-05,0,3.263317E-06,4.469463E-05,0.0002332029
72.41787,"2020-04-05 10:01:44",阿尔巴尼亚,333,0,10,18,305,0.03003003,0.05405406,0.9159159,1.8,0.5555556,0.2702922,,0.0140056,0.5294118,0.6301653,0.6428571,0.3571429,4.823464E-05,0,3.263317E-06,4.469463E-05,0.0002332029
72.51209,"2020-04-05 12:17:25",阿尔巴尼亚,333,0,10,18,305,0.03003003,0.05405406,0.9159159,1.8,0.5555556,0.2702922,,0.0140056,0.5294118,0.6301653,0.6428571,0.3571429,4.823464E-05,0,3.263317E-06,4.469463E-05,0.0002332029
72.59926,"2020-04-05 14:22:56",阿尔巴尼亚,333,0,10,18,305,0.03003003,0.05405406,0.9159159,1.8,0.5555556,0.2702922,,0.0140056,0.5294118,0.6301653,0.6428571,0.3571429,4.823464E-05,0,3.263317E-06,4.469463E-05,0.0002332029
72.75669,"2020-04-05 18:09:38",阿尔巴尼亚,333,0,10,18,305,0.03003003,0.05405406,0.9159159,1.8,0.5555556,0.2702922,,0.0140056,0.5294118,0.6301653,0.6428571,0.3571429,4.823464E-05,0,3.263317E-06,4.469463E-05,0.0002332029
72.78127,"2020-04-05 18:45:01",阿尔巴尼亚,333,0,10,18,305,0.03003003,0.05405406,0.9159159,1.8,0.5555556,0.2702922,,0.0140056,0.5294118,0.6301653,0.6428571,0.3571429,4.823464E-05,0,3.263317E-06,4.469463E-05,0.0002332029
72.80451,"2020-04-05 19:18:30",阿尔巴尼亚,333,0,10,18,305,0.03003003,0.05405406,0.9159159,1.8,0.5555556,0.2702922,,0.0140056,0.5294118,0.6301653,0.6428571,0.3571429,4.823464E-05,0,3.263317E-06,4.469463E-05,0.0002332029
72.83961,"2020-04-05 20:09:03",阿尔巴尼亚,361,0,10,18,333,0.02770083,0.04986149,0.9224377,1.8,0.5555556,0.2930195,,0.0140056,0.5294118,0.6880165,0.6428571,0.3571429,5.229041E-05,0,3.263317E-06,4.469463E-05,0.0002546117
72.84247,"2020-04-05 20:13:09",阿尔巴尼亚,361,0,10,18,333,0.02770083,0.04986149,0.9224377,1.8,0.5555556,0.2930195,,0.0140056,0.5294118,0.6880165,0.6428571,0.3571429,5.229041E-05,0,3.263317E-06,4.469463E-05,0.0002546117
73.03512,"2020-04-06 00:50:34",阿尔巴尼亚,361,0,10,18,333,0.02770083,0.04986149,0.9224377,1.8,0.5555556,0.2930195,,0.0140056,0.5294118,0.6880165,0.6428571,0.3571429,5.229041E-05,0,3.263317E-06,4.469463E-05,0.0002546117
73.04074,"2020-04-06 00:58:40",阿尔巴尼亚,361,0,10,18,333,0.02770083,0.04986149,0.9224377,1.8,0.5555556,0.2930195,,0.0140056,0.5294118,0.6880165,0.6428571,0.3571429,5.229041E-05,0,3.263317E-06,4.469463E-05,0.0002546117
73.305,"2020-04-06 07:19:12",阿尔巴尼亚,361,0,10,18,333,0.02770083,0.04986149,0.9224377,1.8,0.5555556,0.2930195,,0.0140056,0.5294118,0.6880165,0.6428571,0.3571429,5.229041E-05,0,3.263317E-06,4.469463E-05,0.0002546117
73.36258,"2020-04-06 08:42:07",阿尔巴尼亚,361,0,10,18,333,0.02770083,0.04986149,0.9224377,1.8,0.5555556,0.2930195,,0.0140056,0.5294118,0.6880165,0.6428571,0.3571429,5.229041E-05,0,3.263317E-06,4.469463E-05,0.0002546117
73.4175,"2020-04-06 10:01:12",阿尔巴尼亚,361,0,10,18,333,0.02770083,0.04986149,0.9224377,1.8,0.5555556,0.2930195,,0.0140056,0.5294118,0.6880165,0.6428571,0.3571429,5.229041E-05,0,3.263317E-06,4.469463E-05,0.0002546117
73.43155,"2020-04-06 10:21:26",阿尔巴尼亚,361,0,10,18,333,0.02770083,0.04986149,0.9224377,1.8,0.5555556,0.2930195,,0.0140056,0.5294118,0.6880165,0.6428571,0.3571429,5.229041E-05,0,3.263317E-06,4.469463E-05,0.0002546117
73.51175,"2020-04-06 12:16:55",阿尔巴尼亚,361,0,10,18,333,0.02770083,0.04986149,0.9224377,1.8,0.5555556,0.2930195,,0.0140056,0.5294118,0.6880165,0.6428571,0.3571429,5.229041E-05,0,3.263317E-06,4.469463E-05,0.0002546117
73.59785,"2020-04-06 14:20:54",阿尔巴尼亚,361,0,10,18,333,0.02770083,0.04986149,0.9224377,1.8,0.5555556,0.2930195,,0.0140056,0.5294118,0.6880165,0.6428571,0.3571429,5.229041E-05,0,3.263317E-06,4.469463E-05,0.0002546117
73.62531,"2020-04-06 15:00:27",阿尔巴尼亚,361,0,10,18,333,0.02770083,0.04986149,0.9224377,1.8,0.5555556,0.2930195,,0.0140056,0.5294118,0.6880165,0.6428571,0.3571429,5.229041E-05,0,3.263317E-06,4.469463E-05,0.0002546117
73.71252,"2020-04-06 17:06:02",阿尔巴尼亚,361,0,10,18,333,0.02770083,0.04986149,0.9224377,1.8,0.5555556,0.2930195,,0.0140056,0.5294118,0.6880165,0.6428571,0.3571429,5.229041E-05,0,3.263317E-06,4.469463E-05,0.0002546117
73.78336,"2020-04-06 18:48:02",阿尔巴尼亚,361,0,10,18,333,0.02770083,0.04986149,0.9224377,1.8,0.5555556,0.2930195,,0.0140056,0.5294118,0.6880165,0.6428571,0.3571429,5.229041E-05,0,3.263317E-06,4.469463E-05,0.0002546117
73.81781,"2020-04-06 19:37:39",阿尔巴尼亚,361,0,10,18,333,0.02770083,0.04986149,0.9224377,1.8,0.5555556,0.2930195,,0.0140056,0.5294118,0.6880165,0.6428571,0.3571429,5.229041E-05,0,3.263317E-06,4.469463E-05,0.0002546117
73.83607,"2020-04-06 20:03:57",阿尔巴尼亚,361,0,10,18,333,0.02770083,0.04986149,0.9224377,1.8,0.5555556,0.2930195,,0.0140056,0.5294118,0.6880165,0.6428571,0.3571429,5.229041E-05,0,3.263317E-06,4.469463E-05,0.0002546117
74.31978,"2020-04-07 07:40:29",阿尔巴尼亚,377,0,10,21,346,0.0265252,0.05570292,0.9177719,2.1,0.4761905,0.3060065,,0.0140056,0.6176471,0.7148761,0.6774194,0.3225806,5.460799E-05,0,3.263317E-06,5.214373E-05,0.0002645515
74.34789,"2020-04-07 08:20:57",阿尔巴尼亚,377,0,116,22,239,0.3076923,0.05835544,0.6339523,0.1896552,5.272727,0.3060065,,0.162465,0.6470588,0.4938017,0.1594203,0.8405797,5.460799E-05,0,3.785447E-05,5.462676E-05,0.0001827393
74.37183,"2020-04-07 08:55:26",阿尔巴尼亚,377,0,116,22,239,0.3076923,0.05835544,0.6339523,0.1896552,5.272727,0.3060065,,0.162465,0.6470588,0.4938017,0.1594203,0.8405797,5.460799E-05,0,3.785447E-05,5.462676E-05,0.0001827393
74.41776,"2020-04-07 10:01:35",阿尔巴尼亚,377,0,116,22,239,0.3076923,0.05835544,0.6339523,0.1896552,5.272727,0.3060065,,0.162465,0.6470588,0.4938017,0.1594203,0.8405797,5.460799E-05,0,3.785447E-05,5.462676E-05,0.0001827393
74.44663,"2020-04-07 10:43:09",阿尔巴尼亚,377,0,116,22,239,0.3076923,0.05835544,0.6339523,0.1896552,5.272727,0.3060065,,0.162465,0.6470588,0.4938017,0.1594203,0.8405797,5.460799E-05,0,3.785447E-05,5.462676E-05,0.0001827393
74.53248,"2020-04-07 12:46:46",阿尔巴尼亚,377,0,116,22,239,0.3076923,0.05835544,0.6339523,0.1896552,5.272727,0.3060065,,0.162465,0.6470588,0.4938017,0.1594203,0.8405797,5.460799E-05,0,3.785447E-05,5.462676E-05,0.0001827393
74.66543,"2020-04-07 15:58:13",阿尔巴尼亚,377,0,116,22,239,0.3076923,0.05835544,0.6339523,0.1896552,5.272727,0.3060065,,0.162465,0.6470588,0.4938017,0.1594203,0.8405797,5.460799E-05,0,3.785447E-05,5.462676E-05,0.0001827393
74.83573,"2020-04-07 20:03:27",阿尔巴尼亚,377,0,116,22,239,0.3076923,0.05835544,0.6339523,0.1896552,5.272727,0.3060065,,0.162465,0.6470588,0.4938017,0.1594203,0.8405797,5.460799E-05,0,3.785447E-05,5.462676E-05,0.0001827393
74.99812,"2020-04-07 23:57:17",阿尔巴尼亚,377,0,116,22,239,0.3076923,0.05835544,0.6339523,0.1896552,5.272727,0.3060065,,0.162465,0.6470588,0.4938017,0.1594203,0.8405797,5.460799E-05,0,3.785447E-05,5.462676E-05,0.0001827393
75.09234,"2020-04-08 02:12:58",阿尔巴尼亚,377,0,116,22,239,0.3076923,0.05835544,0.6339523,0.1896552,5.272727,0.3060065,,0.162465,0.6470588,0.4938017,0.1594203,0.8405797,5.460799E-05,0,3.785447E-05,5.462676E-05,0.0001827393
75.35947,"2020-04-08 08:37:38",阿尔巴尼亚,383,0,131,22,230,0.3420365,0.05744125,0.6005222,0.1679389,5.954545,0.3108766,,0.1834734,0.6470588,0.4752066,0.1437909,0.8562092,5.547708E-05,0,4.274945E-05,5.462676E-05,0.0001758579
75.41787,"2020-04-08 10:01:44",阿尔巴尼亚,383,0,131,22,230,0.3420365,0.05744125,0.6005222,0.1679389,5.954545,0.3108766,,0.1834734,0.6470588,0.4752066,0.1437909,0.8562092,5.547708E-05,0,4.274945E-05,5.462676E-05,0.0001758579
75.50378,"2020-04-08 12:05:27",阿尔巴尼亚,383,0,131,22,230,0.3420365,0.05744125,0.6005222,0.1679389,5.954545,0.3108766,,0.1834734,0.6470588,0.4752066,0.1437909,0.8562092,5.547708E-05,0,4.274945E-05,5.462676E-05,0.0001758579
75.54249,"2020-04-08 13:01:11",阿尔巴尼亚,383,0,131,22,230,0.3420365,0.05744125,0.6005222,0.1679389,5.954545,0.3108766,,0.1834734,0.6470588,0.4752066,0.1437909,0.8562092,5.547708E-05,0,4.274945E-05,5.462676E-05,0.0001758579
75.6156,"2020-04-08 14:46:28",阿尔巴尼亚,383,0,131,22,230,0.3420365,0.05744125,0.6005222,0.1679389,5.954545,0.3108766,,0.1834734,0.6470588,0.4752066,0.1437909,0.8562092,5.547708E-05,0,4.274945E-05,5.462676E-05,0.0001758579
75.77995,"2020-04-08 18:43:07",阿尔巴尼亚,383,0,131,22,230,0.3420365,0.05744125,0.6005222,0.1679389,5.954545,0.3108766,,0.1834734,0.6470588,0.4752066,0.1437909,0.8562092,5.547708E-05,0,4.274945E-05,5.462676E-05,0.0001758579
75.80109,"2020-04-08 19:13:34",阿尔巴尼亚,383,0,131,22,230,0.3420365,0.05744125,0.6005222,0.1679389,5.954545,0.3108766,,0.1834734,0.6470588,0.4752066,0.1437909,0.8562092,5.547708E-05,0,4.274945E-05,5.462676E-05,0.0001758579
75.85033,"2020-04-08 20:24:29",阿尔巴尼亚,383,0,131,22,230,0.3420365,0.05744125,0.6005222,0.1679389,5.954545,0.3108766,,0.1834734,0.6470588,0.4752066,0.1437909,0.8562092,5.547708E-05,0,4.274945E-05,5.462676E-05,0.0001758579
75.92845,"2020-04-08 22:16:58",阿尔巴尼亚,383,0,131,22,230,0.3420365,0.05744125,0.6005222,0.1679389,5.954545,0.3108766,,0.1834734,0.6470588,0.4752066,0.1437909,0.8562092,5.547708E-05,0,4.274945E-05,5.462676E-05,0.0001758579
76.0375,"2020-04-09 00:54:00",阿尔巴尼亚,383,0,131,22,230,0.3420365,0.05744125,0.6005222,0.1679389,5.954545,0.3108766,,0.1834734,0.6470588,0.4752066,0.1437909,0.8562092,5.547708E-05,0,4.274945E-05,5.462676E-05,0.0001758579
76.34061,"2020-04-09 08:10:29",阿尔巴尼亚,400,0,131,22,247,0.3275,0.055,0.6175,0.1679389,5.954545,0.3246753,,0.1834734,0.6470588,0.5103306,0.1437909,0.8562092,5.793951E-05,0,4.274945E-05,5.462676E-05,0.0001888561
76.34834,"2020-04-09 08:21:36",阿尔巴尼亚,400,0,131,22,247,0.3275,0.055,0.6175,0.1679389,5.954545,0.3246753,,0.1834734,0.6470588,0.5103306,0.1437909,0.8562092,5.793951E-05,0,4.274945E-05,5.462676E-05,0.0001888561
76.35817,"2020-04-09 08:35:46",阿尔巴尼亚,400,0,131,22,247,0.3275,0.055,0.6175,0.1679389,5.954545,0.3246753,,0.1834734,0.6470588,0.5103306,0.1437909,0.8562092,5.793951E-05,0,4.274945E-05,5.462676E-05,0.0001888561
76.41798,"2020-04-09 10:01:53",阿尔巴尼亚,400,0,131,22,247,0.3275,0.055,0.6175,0.1679389,5.954545,0.3246753,,0.1834734,0.6470588,0.5103306,0.1437909,0.8562092,5.793951E-05,0,4.274945E-05,5.462676E-05,0.0001888561
76.41868,"2020-04-09 10:02:54",阿尔巴尼亚,400,0,131,22,247,0.3275,0.055,0.6175,0.1679389,5.954545,0.3246753,,0.1834734,0.6470588,0.5103306,0.1437909,0.8562092,5.793951E-05,0,4.274945E-05,5.462676E-05,0.0001888561
76.43204,"2020-04-09 10:22:08",阿尔巴尼亚,400,0,131,22,247,0.3275,0.055,0.6175,0.1679389,5.954545,0.3246753,,0.1834734,0.6470588,0.5103306,0.1437909,0.8562092,5.793951E-05,0,4.274945E-05,5.462676E-05,0.0001888561
76.61929,"2020-04-09 14:51:46",阿尔巴尼亚,400,0,131,22,247,0.3275,0.055,0.6175,0.1679389,5.954545,0.3246753,,0.1834734,0.6470588,0.5103306,0.1437909,0.8562092,5.793951E-05,0,4.274945E-05,5.462676E-05,0.0001888561
76.8017,"2020-04-09 19:14:27",阿尔巴尼亚,400,0,131,22,247,0.3275,0.055,0.6175,0.1679389,5.954545,0.3246753,,0.1834734,0.6470588,0.5103306,0.1437909,0.8562092,5.793951E-05,0,4.274945E-05,5.462676E-05,0.0001888561
77.32594,"2020-04-10 07:49:21",阿尔巴尼亚,400,0,131,22,247,0.3275,0.055,0.6175,0.1679389,5.954545,0.3246753,,0.1834734,0.6470588,0.5103306,0.1437909,0.8562092,5.793951E-05,0,4.274945E-05,5.462676E-05,0.0001888561
77.33936,"2020-04-10 08:08:41",阿尔巴尼亚,409,0,131,23,255,0.3202934,0.05623472,0.6234719,0.1755725,5.695652,0.3319805,,0.1834734,0.6764706,0.5268595,0.1493506,0.8506494,5.924315E-05,0,4.274945E-05,5.71098E-05,0.0001949729
77.34147,"2020-04-10 08:11:43",阿尔巴尼亚,409,0,131,23,255,0.3202934,0.05623472,0.6234719,0.1755725,5.695652,0.3319805,,0.1834734,0.6764706,0.5268595,0.1493506,0.8506494,5.924315E-05,0,4.274945E-05,5.71098E-05,0.0001949729
77.4176,"2020-04-10 10:01:21",阿尔巴尼亚,409,0,131,23,255,0.3202934,0.05623472,0.6234719,0.1755725,5.695652,0.3319805,,0.1834734,0.6764706,0.5268595,0.1493506,0.8506494,5.924315E-05,0,4.274945E-05,5.71098E-05,0.0001949729
77.57396,"2020-04-10 13:46:30",阿尔巴尼亚,409,0,131,23,255,0.3202934,0.05623472,0.6234719,0.1755725,5.695652,0.3319805,,0.1834734,0.6764706,0.5268595,0.1493506,0.8506494,5.924315E-05,0,4.274945E-05,5.71098E-05,0.0001949729
77.75898,"2020-04-10 18:12:56",阿尔巴尼亚,416,0,131,23,262,0.3149039,0.05528846,0.6298077,0.1755725,5.695652,0.3376623,,0.1834734,0.6764706,0.5413223,0.1493506,0.8506494,6.025709E-05,0,4.274945E-05,5.71098E-05,0.0002003251
77.7963,"2020-04-10 19:06:40",阿尔巴尼亚,416,0,131,23,262,0.3149039,0.05528846,0.6298077,0.1755725,5.695652,0.3376623,,0.1834734,0.6764706,0.5413223,0.1493506,0.8506494,6.025709E-05,0,4.274945E-05,5.71098E-05,0.0002003251
77.99192,"2020-04-10 23:48:22",阿尔巴尼亚,416,0,131,23,262,0.3149039,0.05528846,0.6298077,0.1755725,5.695652,0.3376623,,0.1834734,0.6764706,0.5413223,0.1493506,0.8506494,6.025709E-05,0,4.274945E-05,5.71098E-05,0.0002003251
78.3183,"2020-04-11 07:38:21",阿尔巴尼亚,416,0,131,23,262,0.3149039,0.05528846,0.6298077,0.1755725,5.695652,0.3376623,,0.1834734,0.6764706,0.5413223,0.1493506,0.8506494,6.025709E-05,0,4.274945E-05,5.71098E-05,0.0002003251
78.33096,"2020-04-11 07:56:35",阿尔巴尼亚,416,0,131,23,262,0.3149039,0.05528846,0.6298077,0.1755725,5.695652,0.3376623,,0.1834734,0.6764706,0.5413223,0.1493506,0.8506494,6.025709E-05,0,4.274945E-05,5.71098E-05,0.0002003251
78.33732,"2020-04-11 08:05:44",阿尔巴尼亚,416,0,131,23,262,0.3149039,0.05528846,0.6298077,0.1755725,5.695652,0.3376623,,0.1834734,0.6764706,0.5413223,0.1493506,0.8506494,6.025709E-05,0,4.274945E-05,5.71098E-05,0.0002003251
78.41766,"2020-04-11 10:01:26",阿尔巴尼亚,416,0,131,23,262,0.3149039,0.05528846,0.6298077,0.1755725,5.695652,0.3376623,,0.1834734,0.6764706,0.5413223,0.1493506,0.8506494,6.025709E-05,0,4.274945E-05,5.71098E-05,0.0002003251
78.53027,"2020-04-11 12:43:35",阿尔巴尼亚,416,0,131,23,262,0.3149039,0.05528846,0.6298077,0.1755725,5.695652,0.3376623,,0.1834734,0.6764706,0.5413223,0.1493506,0.8506494,6.025709E-05,0,4.274945E-05,5.71098E-05,0.0002003251
78.67953,"2020-04-11 16:18:31",阿尔巴尼亚,416,0,131,23,262,0.3149039,0.05528846,0.6298077,0.1755725,5.695652,0.3376623,,0.1834734,0.6764706,0.5413223,0.1493506,0.8506494,6.025709E-05,0,4.274945E-05,5.71098E-05,0.0002003251
78.6992,"2020-04-11 16:46:51",阿尔巴尼亚,416,0,131,23,262,0.3149039,0.05528846,0.6298077,0.1755725,5.695652,0.3376623,,0.1834734,0.6764706,0.5413223,0.1493506,0.8506494,6.025709E-05,0,4.274945E-05,5.71098E-05,0.0002003251
78.75063,"2020-04-11 18:00:55",阿尔巴尼亚,433,0,131,23,279,0.3025404,0.05311778,0.6443418,0.1755725,5.695652,0.3514611,,0.1834734,0.6764706,0.5764463,0.1493506,0.8506494,6.271952E-05,0,4.274945E-05,5.71098E-05,0.0002133233
78.82259,"2020-04-11 19:44:32",阿尔巴尼亚,433,0,131,23,279,0.3025404,0.05311778,0.6443418,0.1755725,5.695652,0.3514611,,0.1834734,0.6764706,0.5764463,0.1493506,0.8506494,6.271952E-05,0,4.274945E-05,5.71098E-05,0.0002133233
78.87052,"2020-04-11 20:53:33",阿尔巴尼亚,433,0,131,23,279,0.3025404,0.05311778,0.6443418,0.1755725,5.695652,0.3514611,,0.1834734,0.6764706,0.5764463,0.1493506,0.8506494,6.271952E-05,0,4.274945E-05,5.71098E-05,0.0002133233
79.0402,"2020-04-12 00:57:53",阿尔巴尼亚,433,0,131,23,279,0.3025404,0.05311778,0.6443418,0.1755725,5.695652,0.3514611,,0.1834734,0.6764706,0.5764463,0.1493506,0.8506494,6.271952E-05,0,4.274945E-05,5.71098E-05,0.0002133233
79.43437,"2020-04-12 10:25:30",阿尔巴尼亚,433,0,131,23,279,0.3025404,0.05311778,0.6443418,0.1755725,5.695652,0.3514611,,0.1834734,0.6764706,0.5764463,0.1493506,0.8506494,6.271952E-05,0,4.274945E-05,5.71098E-05,0.0002133233
79.53008,"2020-04-12 12:43:19",阿尔巴尼亚,433,0,131,23,279,0.3025404,0.05311778,0.6443418,0.1755725,5.695652,0.3514611,,0.1834734,0.6764706,0.5764463,0.1493506,0.8506494,6.271952E-05,0,4.274945E-05,5.71098E-05,0.0002133233
79.72092,"2020-04-12 17:18:07",阿尔巴尼亚,433,0,131,23,279,0.3025404,0.05311778,0.6443418,0.1755725,5.695652,0.3514611,,0.1834734,0.6764706,0.5764463,0.1493506,0.8506494,6.271952E-05,0,4.274945E-05,5.71098E-05,0.0002133233
79.75114,"2020-04-12 18:01:39",阿尔巴尼亚,446,0,217,23,206,0.4865471,0.05156951,0.4618834,0.1059908,9.434783,0.362013,,0.3039216,0.6764706,0.4256198,0.09583333,0.9041666,6.460255E-05,0,7.081397E-05,5.71098E-05,0.0001575075
79.83281,"2020-04-12 19:59:15",阿尔巴尼亚,446,0,217,23,206,0.4865471,0.05156951,0.4618834,0.1059908,9.434783,0.362013,,0.3039216,0.6764706,0.4256198,0.09583333,0.9041666,6.460255E-05,0,7.081397E-05,5.71098E-05,0.0001575075
79.86665,"2020-04-12 20:47:58",阿尔巴尼亚,446,0,217,23,206,0.4865471,0.05156951,0.4618834,0.1059908,9.434783,0.362013,,0.3039216,0.6764706,0.4256198,0.09583333,0.9041666,6.460255E-05,0,7.081397E-05,5.71098E-05,0.0001575075
80.3244,"2020-04-13 07:47:08",阿尔巴尼亚,446,0,217,23,206,0.4865471,0.05156951,0.4618834,0.1059908,9.434783,0.362013,,0.3039216,0.6764706,0.4256198,0.09583333,0.9041666,6.460255E-05,0,7.081397E-05,5.71098E-05,0.0001575075
80.33282,"2020-04-13 07:59:16",阿尔巴尼亚,446,0,217,23,206,0.4865471,0.05156951,0.4618834,0.1059908,9.434783,0.362013,,0.3039216,0.6764706,0.4256198,0.09583333,0.9041666,6.460255E-05,0,7.081397E-05,5.71098E-05,0.0001575075
80.73369,"2020-04-13 17:36:31",阿尔巴尼亚,446,0,217,23,206,0.4865471,0.05156951,0.4618834,0.1059908,9.434783,0.362013,,0.3039216,0.6764706,0.4256198,0.09583333,0.9041666,6.460255E-05,0,7.081397E-05,5.71098E-05,0.0001575075
80.79911,"2020-04-13 19:10:43",阿尔巴尼亚,446,0,217,23,206,0.4865471,0.05156951,0.4618834,0.1059908,9.434783,0.362013,,0.3039216,0.6764706,0.4256198,0.09583333,0.9041666,6.460255E-05,0,7.081397E-05,5.71098E-05,0.0001575075
80.80052,"2020-04-13 19:12:45",阿尔巴尼亚,446,0,217,23,206,0.4865471,0.05156951,0.4618834,0.1059908,9.434783,0.362013,,0.3039216,0.6764706,0.4256198,0.09583333,0.9041666,6.460255E-05,0,7.081397E-05,5.71098E-05,0.0001575075
80.97807,"2020-04-13 23:28:25",阿尔巴尼亚,446,0,217,23,206,0.4865471,0.05156951,0.4618834,0.1059908,9.434783,0.362013,,0.3039216,0.6764706,0.4256198,0.09583333,0.9041666,6.460255E-05,0,7.081397E-05,5.71098E-05,0.0001575075
80.9837,"2020-04-13 23:36:32",阿尔巴尼亚,446,0,217,23,206,0.4865471,0.05156951,0.4618834,0.1059908,9.434783,0.362013,,0.3039216,0.6764706,0.4256198,0.09583333,0.9041666,6.460255E-05,0,7.081397E-05,5.71098E-05,0.0001575075
81.32088,"2020-04-14 07:42:04",阿尔巴尼亚,446,0,217,23,206,0.4865471,0.05156951,0.4618834,0.1059908,9.434783,0.362013,,0.3039216,0.6764706,0.4256198,0.09583333,0.9041666,6.460255E-05,0,7.081397E-05,5.71098E-05,0.0001575075
81.34276,"2020-04-14 08:13:34",阿尔巴尼亚,467,0,232,23,212,0.496788,0.04925054,0.4539615,0.09913793,10.08696,0.3790585,,0.32493,0.6764706,0.4380165,0.09019608,0.9098039,6.764437E-05,0,7.570894E-05,5.71098E-05,0.0001620951
81.41759,"2020-04-14 10:01:20",阿尔巴尼亚,467,0,232,23,212,0.496788,0.04925054,0.4539615,0.09913793,10.08696,0.3790585,,0.32493,0.6764706,0.4380165,0.09019608,0.9098039,6.764437E-05,0,7.570894E-05,5.71098E-05,0.0001620951
81.44854,"2020-04-14 10:45:54",阿尔巴尼亚,467,0,232,23,212,0.496788,0.04925054,0.4539615,0.09913793,10.08696,0.3790585,,0.32493,0.6764706,0.4380165,0.09019608,0.9098039,6.764437E-05,0,7.570894E-05,5.71098E-05,0.0001620951
81.55782,"2020-04-14 13:23:16",阿尔巴尼亚,467,0,232,23,212,0.496788,0.04925054,0.4539615,0.09913793,10.08696,0.3790585,,0.32493,0.6764706,0.4380165,0.09019608,0.9098039,6.764437E-05,0,7.570894E-05,5.71098E-05,0.0001620951
82.31836,"2020-04-15 07:38:26",阿尔巴尼亚,475,0,232,23,220,0.4884211,0.04842105,0.4631579,0.09913793,10.08696,0.385552,,0.32493,0.6764706,0.4545455,0.09019608,0.9098039,6.880317E-05,0,7.570894E-05,5.71098E-05,0.0001682119
82.32821,"2020-04-15 07:52:37",阿尔巴尼亚,475,0,232,23,220,0.4884211,0.04842105,0.4631579,0.09913793,10.08696,0.385552,,0.32493,0.6764706,0.4545455,0.09019608,0.9098039,6.880317E-05,0,7.570894E-05,5.71098E-05,0.0001682119
82.4178,"2020-04-15 10:01:38",阿尔巴尼亚,475,0,232,23,220,0.4884211,0.04842105,0.4631579,0.09913793,10.08696,0.385552,,0.32493,0.6764706,0.4545455,0.09019608,0.9098039,6.880317E-05,0,7.570894E-05,5.71098E-05,0.0001682119
82.57504,"2020-04-15 13:48:03",阿尔巴尼亚,475,0,232,23,220,0.4884211,0.04842105,0.4631579,0.09913793,10.08696,0.385552,,0.32493,0.6764706,0.4545455,0.09019608,0.9098039,6.880317E-05,0,7.570894E-05,5.71098E-05,0.0001682119
82.81116,"2020-04-15 19:28:04",阿尔巴尼亚,475,0,232,23,220,0.4884211,0.04842105,0.4631579,0.09913793,10.08696,0.385552,,0.32493,0.6764706,0.4545455,0.09019608,0.9098039,6.880317E-05,0,7.570894E-05,5.71098E-05,0.0001682119
82.94873,"2020-04-15 22:46:10",阿尔巴尼亚,494,0,251,23,220,0.5080972,0.0465587,0.4453441,0.09163347,10.91304,0.400974,,0.3515406,0.6764706,0.4545455,0.08394161,0.9160584,7.15553E-05,0,8.190925E-05,5.71098E-05,0.0001682119
83.26151,"2020-04-16 06:16:34",阿尔巴尼亚,494,0,251,24,219,0.5080972,0.048583,0.4433198,0.09561753,10.45833,0.400974,,0.3515406,0.7058824,0.4524793,0.08727273,0.9127273,7.15553E-05,0,8.190925E-05,5.959283E-05,0.0001674473
83.31786,"2020-04-16 07:37:43",阿尔巴尼亚,494,0,251,24,219,0.5080972,0.048583,0.4433198,0.09561753,10.45833,0.400974,,0.3515406,0.7058824,0.4524793,0.08727273,0.9127273,7.15553E-05,0,8.190925E-05,5.959283E-05,0.0001674473
83.351,"2020-04-16 08:25:26",阿尔巴尼亚,494,0,251,24,219,0.5080972,0.048583,0.4433198,0.09561753,10.45833,0.400974,,0.3515406,0.7058824,0.4524793,0.08727273,0.9127273,7.15553E-05,0,8.190925E-05,5.959283E-05,0.0001674473
83.41793,"2020-04-16 10:01:49",阿尔巴尼亚,494,0,251,24,219,0.5080972,0.048583,0.4433198,0.09561753,10.45833,0.400974,,0.3515406,0.7058824,0.4524793,0.08727273,0.9127273,7.15553E-05,0,8.190925E-05,5.959283E-05,0.0001674473
83.59845,"2020-04-16 14:21:46",阿尔巴尼亚,494,0,251,24,219,0.5080972,0.048583,0.4433198,0.09561753,10.45833,0.400974,,0.3515406,0.7058824,0.4524793,0.08727273,0.9127273,7.15553E-05,0,8.190925E-05,5.959283E-05,0.0001674473
83.83954,"2020-04-16 20:08:56",阿尔巴尼亚,494,0,251,24,219,0.5080972,0.048583,0.4433198,0.09561753,10.45833,0.400974,,0.3515406,0.7058824,0.4524793,0.08727273,0.9127273,7.15553E-05,0,8.190925E-05,5.959283E-05,0.0001674473
83.99171,"2020-04-16 23:48:04",阿尔巴尼亚,494,0,251,24,219,0.5080972,0.048583,0.4433198,0.09561753,10.45833,0.400974,,0.3515406,0.7058824,0.4524793,0.08727273,0.9127273,7.15553E-05,0,8.190925E-05,5.959283E-05,0.0001674473
84.03613,"2020-04-17 00:52:01",阿尔巴尼亚,494,0,251,24,219,0.5080972,0.048583,0.4433198,0.09561753,10.45833,0.400974,,0.3515406,0.7058824,0.4524793,0.08727273,0.9127273,7.15553E-05,0,8.190925E-05,5.959283E-05,0.0001674473
84.3101,"2020-04-17 07:26:33",阿尔巴尼亚,494,0,251,25,218,0.5080972,0.05060729,0.4412955,0.0996016,10.04,0.400974,,0.3515406,0.7352941,0.4504132,0.09057971,0.9094203,7.15553E-05,0,8.190925E-05,6.207587E-05,0.0001666827
84.32488,"2020-04-17 07:47:50",阿尔巴尼亚,518,0,277,26,215,0.534749,0.05019305,0.4150579,0.09386282,10.65385,0.4204545,,0.3879552,0.7647059,0.4442149,0.08580858,0.9141914,7.503166E-05,0,9.039387E-05,6.45589E-05,0.0001643889
84.41798,"2020-04-17 10:01:53",阿尔巴尼亚,518,0,277,26,215,0.534749,0.05019305,0.4150579,0.09386282,10.65385,0.4204545,,0.3879552,0.7647059,0.4442149,0.08580858,0.9141914,7.503166E-05,0,9.039387E-05,6.45589E-05,0.0001643889
84.44901,"2020-04-17 10:46:34",阿尔巴尼亚,518,0,277,26,215,0.534749,0.05019305,0.4150579,0.09386282,10.65385,0.4204545,,0.3879552,0.7647059,0.4442149,0.08580858,0.9141914,7.503166E-05,0,9.039387E-05,6.45589E-05,0.0001643889
84.48005,"2020-04-17 11:31:16",阿尔巴尼亚,518,0,277,26,215,0.534749,0.05019305,0.4150579,0.09386282,10.65385,0.4204545,,0.3879552,0.7647059,0.4442149,0.08580858,0.9141914,7.503166E-05,0,9.039387E-05,6.45589E-05,0.0001643889
84.54778,"2020-04-17 13:08:48",阿尔巴尼亚,518,0,277,26,215,0.534749,0.05019305,0.4150579,0.09386282,10.65385,0.4204545,,0.3879552,0.7647059,0.4442149,0.08580858,0.9141914,7.503166E-05,0,9.039387E-05,6.45589E-05,0.0001643889
84.5993,"2020-04-17 14:22:59",阿尔巴尼亚,518,0,277,26,215,0.534749,0.05019305,0.4150579,0.09386282,10.65385,0.4204545,,0.3879552,0.7647059,0.4442149,0.08580858,0.9141914,7.503166E-05,0,9.039387E-05,6.45589E-05,0.0001643889
84.75172,"2020-04-17 18:02:29",阿尔巴尼亚,539,0,277,26,236,0.5139146,0.04823748,0.4378479,0.09386282,10.65385,0.4375,,0.3879552,0.7647059,0.4876033,0.08580858,0.9141914,7.807349E-05,0,9.039387E-05,6.45589E-05,0.0001804455
84.84695,"2020-04-17 20:19:37",阿尔巴尼亚,539,0,277,26,236,0.5139146,0.04823748,0.4378479,0.09386282,10.65385,0.4375,,0.3879552,0.7647059,0.4876033,0.08580858,0.9141914,7.807349E-05,0,9.039387E-05,6.45589E-05,0.0001804455
84.86244,"2020-04-17 20:41:55",阿尔巴尼亚,539,0,277,26,236,0.5139146,0.04823748,0.4378479,0.09386282,10.65385,0.4375,,0.3879552,0.7647059,0.4876033,0.08580858,0.9141914,7.807349E-05,0,9.039387E-05,6.45589E-05,0.0001804455
84.96761,"2020-04-17 23:13:22",阿尔巴尼亚,539,0,277,26,236,0.5139146,0.04823748,0.4378479,0.09386282,10.65385,0.4375,,0.3879552,0.7647059,0.4876033,0.08580858,0.9141914,7.807349E-05,0,9.039387E-05,6.45589E-05,0.0001804455
84.98661,"2020-04-17 23:40:43",阿尔巴尼亚,539,0,277,26,236,0.5139146,0.04823748,0.4378479,0.09386282,10.65385,0.4375,,0.3879552,0.7647059,0.4876033,0.08580858,0.9141914,7.807349E-05,0,9.039387E-05,6.45589E-05,0.0001804455
85.31362,"2020-04-18 07:31:37",阿尔巴尼亚,539,0,277,26,236,0.5139146,0.04823748,0.4378479,0.09386282,10.65385,0.4375,,0.3879552,0.7647059,0.4876033,0.08580858,0.9141914,7.807349E-05,0,9.039387E-05,6.45589E-05,0.0001804455
85.31853,"2020-04-18 07:38:41",阿尔巴尼亚,539,0,277,26,236,0.5139146,0.04823748,0.4378479,0.09386282,10.65385,0.4375,,0.3879552,0.7647059,0.4876033,0.08580858,0.9141914,7.807349E-05,0,9.039387E-05,6.45589E-05,0.0001804455
85.41792,"2020-04-18 10:01:48",阿尔巴尼亚,539,0,277,26,236,0.5139146,0.04823748,0.4378479,0.09386282,10.65385,0.4375,,0.3879552,0.7647059,0.4876033,0.08580858,0.9141914,7.807349E-05,0,9.039387E-05,6.45589E-05,0.0001804455
85.80034,"2020-04-18 19:12:29",阿尔巴尼亚,539,0,277,26,236,0.5139146,0.04823748,0.4378479,0.09386282,10.65385,0.4375,,0.3879552,0.7647059,0.4876033,0.08580858,0.9141914,7.807349E-05,0,9.039387E-05,6.45589E-05,0.0001804455
85.84344,"2020-04-18 20:14:33",阿尔巴尼亚,539,0,277,26,236,0.5139146,0.04823748,0.4378479,0.09386282,10.65385,0.4375,,0.3879552,0.7647059,0.4876033,0.08580858,0.9141914,7.807349E-05,0,9.039387E-05,6.45589E-05,0.0001804455
86.31937,"2020-04-19 07:39:54",阿尔巴尼亚,548,0,277,26,245,0.5054744,0.04744526,0.4470803,0.09386282,10.65385,0.4448052,,0.3879552,0.7647059,0.5061983,0.08580858,0.9141914,7.937713E-05,0,9.039387E-05,6.45589E-05,0.0001873269
86.3335,"2020-04-19 08:00:14",阿尔巴尼亚,548,0,277,26,245,0.5054744,0.04744526,0.4470803,0.09386282,10.65385,0.4448052,,0.3879552,0.7647059,0.5061983,0.08580858,0.9141914,7.937713E-05,0,9.039387E-05,6.45589E-05,0.0001873269
86.41763,"2020-04-19 10:01:23",阿尔巴尼亚,548,0,277,26,245,0.5054744,0.04744526,0.4470803,0.09386282,10.65385,0.4448052,,0.3879552,0.7647059,0.5061983,0.08580858,0.9141914,7.937713E-05,0,9.039387E-05,6.45589E-05,0.0001873269
86.57777,"2020-04-19 13:51:59",阿尔巴尼亚,548,0,277,26,245,0.5054744,0.04744526,0.4470803,0.09386282,10.65385,0.4448052,,0.3879552,0.7647059,0.5061983,0.08580858,0.9141914,7.937713E-05,0,9.039387E-05,6.45589E-05,0.0001873269
86.71169,"2020-04-19 17:04:50",阿尔巴尼亚,548,0,277,26,245,0.5054744,0.04744526,0.4470803,0.09386282,10.65385,0.4448052,,0.3879552,0.7647059,0.5061983,0.08580858,0.9141914,7.937713E-05,0,9.039387E-05,6.45589E-05,0.0001873269
86.79206,"2020-04-19 19:00:34",阿尔巴尼亚,548,0,277,26,245,0.5054744,0.04744526,0.4470803,0.09386282,10.65385,0.4448052,,0.3879552,0.7647059,0.5061983,0.08580858,0.9141914,7.937713E-05,0,9.039387E-05,6.45589E-05,0.0001873269
86.79346,"2020-04-19 19:02:35",阿尔巴尼亚,548,0,277,26,245,0.5054744,0.04744526,0.4470803,0.09386282,10.65385,0.4448052,,0.3879552,0.7647059,0.5061983,0.08580858,0.9141914,7.937713E-05,0,9.039387E-05,6.45589E-05,0.0001873269
87.32698,"2020-04-20 07:50:51",阿尔巴尼亚,562,0,277,26,259,0.4928825,0.04626334,0.4608541,0.09386282,10.65385,0.4561688,,0.3879552,0.7647059,0.5351239,0.08580858,0.9141914,8.140501E-05,0,9.039387E-05,6.45589E-05,0.0001980313
87.33894,"2020-04-20 08:08:05",阿尔巴尼亚,562,0,277,26,259,0.4928825,0.04626334,0.4608541,0.09386282,10.65385,0.4561688,,0.3879552,0.7647059,0.5351239,0.08580858,0.9141914,8.140501E-05,0,9.039387E-05,6.45589E-05,0.0001980313
87.41798,"2020-04-20 10:01:54",阿尔巴尼亚,562,0,277,26,259,0.4928825,0.04626334,0.4608541,0.09386282,10.65385,0.4561688,,0.3879552,0.7647059,0.5351239,0.08580858,0.9141914,8.140501E-05,0,9.039387E-05,6.45589E-05,0.0001980313
87.43845,"2020-04-20 10:31:22",阿尔巴尼亚,562,0,277,26,259,0.4928825,0.04626334,0.4608541,0.09386282,10.65385,0.4561688,,0.3879552,0.7647059,0.5351239,0.08580858,0.9141914,8.140501E-05,0,9.039387E-05,6.45589E-05,0.0001980313
87.62536,"2020-04-20 15:00:31",阿尔巴尼亚,562,0,277,26,259,0.4928825,0.04626334,0.4608541,0.09386282,10.65385,0.4561688,,0.3879552,0.7647059,0.5351239,0.08580858,0.9141914,8.140501E-05,0,9.039387E-05,6.45589E-05,0.0001980313
87.72861,"2020-04-20 17:29:12",阿尔巴尼亚,562,0,277,26,259,0.4928825,0.04626334,0.4608541,0.09386282,10.65385,0.4561688,,0.3879552,0.7647059,0.5351239,0.08580858,0.9141914,8.140501E-05,0,9.039387E-05,6.45589E-05,0.0001980313
87.81044,"2020-04-20 19:27:02",阿尔巴尼亚,562,0,277,26,259,0.4928825,0.04626334,0.4608541,0.09386282,10.65385,0.4561688,,0.3879552,0.7647059,0.5351239,0.08580858,0.9141914,8.140501E-05,0,9.039387E-05,6.45589E-05,0.0001980313
87.93826,"2020-04-20 22:31:05",阿尔巴尼亚,562,0,277,26,259,0.4928825,0.04626334,0.4608541,0.09386282,10.65385,0.4561688,,0.3879552,0.7647059,0.5351239,0.08580858,0.9141914,8.140501E-05,0,9.039387E-05,6.45589E-05,0.0001980313
88.30748,"2020-04-21 07:22:46",阿尔巴尼亚,562,0,277,26,259,0.4928825,0.04626334,0.4608541,0.09386282,10.65385,0.4561688,,0.3879552,0.7647059,0.5351239,0.08580858,0.9141914,8.140501E-05,0,9.039387E-05,6.45589E-05,0.0001980313
88.33213,"2020-04-21 07:58:16",阿尔巴尼亚,584,0,327,26,231,0.5599315,0.04452055,0.395548,0.0795107,12.57692,0.474026,,0.4579832,0.7647059,0.4772727,0.07365439,0.9263456,8.459168E-05,0,0.0001067105,6.45589E-05,0.0001766225
88.37094,"2020-04-21 08:54:09",阿尔巴尼亚,584,0,327,26,231,0.5599315,0.04452055,0.395548,0.0795107,12.57692,0.474026,,0.4579832,0.7647059,0.4772727,0.07365439,0.9263456,8.459168E-05,0,0.0001067105,6.45589E-05,0.0001766225
88.41764,"2020-04-21 10:01:24",阿尔巴尼亚,584,0,327,26,231,0.5599315,0.04452055,0.395548,0.0795107,12.57692,0.474026,,0.4579832,0.7647059,0.4772727,0.07365439,0.9263456,8.459168E-05,0,0.0001067105,6.45589E-05,0.0001766225
88.43452,"2020-04-21 10:25:42",阿尔巴尼亚,584,0,327,26,231,0.5599315,0.04452055,0.395548,0.0795107,12.57692,0.474026,,0.4579832,0.7647059,0.4772727,0.07365439,0.9263456,8.459168E-05,0,0.0001067105,6.45589E-05,0.0001766225
88.44086,"2020-04-21 10:34:51",阿尔巴尼亚,584,0,327,26,231,0.5599315,0.04452055,0.395548,0.0795107,12.57692,0.474026,,0.4579832,0.7647059,0.4772727,0.07365439,0.9263456,8.459168E-05,0,0.0001067105,6.45589E-05,0.0001766225
88.97701,"2020-04-21 23:26:54",阿尔巴尼亚,584,0,327,26,231,0.5599315,0.04452055,0.395548,0.0795107,12.57692,0.474026,,0.4579832,0.7647059,0.4772727,0.07365439,0.9263456,8.459168E-05,0,0.0001067105,6.45589E-05,0.0001766225
89.31422,"2020-04-22 07:32:29",阿尔巴尼亚,609,0,327,26,256,0.5369458,0.04269294,0.4203613,0.0795107,12.57692,0.4943182,,0.4579832,0.7647059,0.5289256,0.07365439,0.9263456,8.82129E-05,0,0.0001067105,6.45589E-05,0.0001957375
89.40324,"2020-04-22 09:40:40",阿尔巴尼亚,609,0,327,26,256,0.5369458,0.04269294,0.4203613,0.0795107,12.57692,0.4943182,,0.4579832,0.7647059,0.5289256,0.07365439,0.9263456,8.82129E-05,0,0.0001067105,6.45589E-05,0.0001957375
89.41801,"2020-04-22 10:01:56",阿尔巴尼亚,609,0,327,26,256,0.5369458,0.04269294,0.4203613,0.0795107,12.57692,0.4943182,,0.4579832,0.7647059,0.5289256,0.07365439,0.9263456,8.82129E-05,0,0.0001067105,6.45589E-05,0.0001957375
89.63538,"2020-04-22 15:14:57",阿尔巴尼亚,609,0,327,26,256,0.5369458,0.04269294,0.4203613,0.0795107,12.57692,0.4943182,,0.4579832,0.7647059,0.5289256,0.07365439,0.9263456,8.82129E-05,0,0.0001067105,6.45589E-05,0.0001957375
89.80576,"2020-04-22 19:20:17",阿尔巴尼亚,609,0,327,26,256,0.5369458,0.04269294,0.4203613,0.0795107,12.57692,0.4943182,,0.4579832,0.7647059,0.5289256,0.07365439,0.9263456,8.82129E-05,0,0.0001067105,6.45589E-05,0.0001957375
89.95042,"2020-04-22 22:48:36",阿尔巴尼亚,609,0,327,26,256,0.5369458,0.04269294,0.4203613,0.0795107,12.57692,0.4943182,,0.4579832,0.7647059,0.5289256,0.07365439,0.9263456,8.82129E-05,0,0.0001067105,6.45589E-05,0.0001957375
89.97298,"2020-04-22 23:21:06",阿尔巴尼亚,634,0,327,27,280,0.5157729,0.04258675,0.4416404,0.08256881,12.11111,0.5146104,,0.4579832,0.7941176,0.5785124,0.07627118,0.9237288,9.183412E-05,0,0.0001067105,6.704194E-05,0.0002140879
90.01185,"2020-04-23 00:17:04",阿尔巴尼亚,634,0,327,27,280,0.5157729,0.04258675,0.4416404,0.08256881,12.11111,0.5146104,,0.4579832,0.7941176,0.5785124,0.07627118,0.9237288,9.183412E-05,0,0.0001067105,6.704194E-05,0.0002140879
90.30756,"2020-04-23 07:22:53",阿尔巴尼亚,634,0,327,27,280,0.5157729,0.04258675,0.4416404,0.08256881,12.11111,0.5146104,,0.4579832,0.7941176,0.5785124,0.07627118,0.9237288,9.183412E-05,0,0.0001067105,6.704194E-05,0.0002140879
90.37395,"2020-04-23 08:58:30",阿尔巴尼亚,634,0,327,27,280,0.5157729,0.04258675,0.4416404,0.08256881,12.11111,0.5146104,,0.4579832,0.7941176,0.5785124,0.07627118,0.9237288,9.183412E-05,0,0.0001067105,6.704194E-05,0.0002140879
90.41782,"2020-04-23 10:01:40",阿尔巴尼亚,634,0,327,27,280,0.5157729,0.04258675,0.4416404,0.08256881,12.11111,0.5146104,,0.4579832,0.7941176,0.5785124,0.07627118,0.9237288,9.183412E-05,0,0.0001067105,6.704194E-05,0.0002140879
90.62976,"2020-04-23 15:06:51",阿尔巴尼亚,634,0,327,27,280,0.5157729,0.04258675,0.4416404,0.08256881,12.11111,0.5146104,,0.4579832,0.7941176,0.5785124,0.07627118,0.9237288,9.183412E-05,0,0.0001067105,6.704194E-05,0.0002140879
90.81274,"2020-04-23 19:30:21",阿尔巴尼亚,663,0,327,27,309,0.4932127,0.04072398,0.4660634,0.08256881,12.11111,0.5381494,,0.4579832,0.7941176,0.6384298,0.07627118,0.9237288,9.603474E-05,0,0.0001067105,6.704194E-05,0.0002362613
90.88836,"2020-04-23 21:19:14",阿尔巴尼亚,663,0,327,27,309,0.4932127,0.04072398,0.4660634,0.08256881,12.11111,0.5381494,,0.4579832,0.7941176,0.6384298,0.07627118,0.9237288,9.603474E-05,0,0.0001067105,6.704194E-05,0.0002362613
90.99704,"2020-04-23 23:55:44",阿尔巴尼亚,663,0,327,27,309,0.4932127,0.04072398,0.4660634,0.08256881,12.11111,0.5381494,,0.4579832,0.7941176,0.6384298,0.07627118,0.9237288,9.603474E-05,0,0.0001067105,6.704194E-05,0.0002362613
91.30553,"2020-04-24 07:19:58",阿尔巴尼亚,663,0,327,27,309,0.4932127,0.04072398,0.4660634,0.08256881,12.11111,0.5381494,,0.4579832,0.7941176,0.6384298,0.07627118,0.9237288,9.603474E-05,0,0.0001067105,6.704194E-05,0.0002362613
91.33523,"2020-04-24 08:02:44",阿尔巴尼亚,663,0,327,27,309,0.4932127,0.04072398,0.4660634,0.08256881,12.11111,0.5381494,,0.4579832,0.7941176,0.6384298,0.07627118,0.9237288,9.603474E-05,0,0.0001067105,6.704194E-05,0.0002362613
91.41792,"2020-04-24 10:01:48",阿尔巴尼亚,663,0,327,27,309,0.4932127,0.04072398,0.4660634,0.08256881,12.11111,0.5381494,,0.4579832,0.7941176,0.6384298,0.07627118,0.9237288,9.603474E-05,0,0.0001067105,6.704194E-05,0.0002362613
91.62132,"2020-04-24 14:54:42",阿尔巴尼亚,663,0,327,27,309,0.4932127,0.04072398,0.4660634,0.08256881,12.11111,0.5381494,,0.4579832,0.7941176,0.6384298,0.07627118,0.9237288,9.603474E-05,0,0.0001067105,6.704194E-05,0.0002362613
91.79705,"2020-04-24 19:07:45",阿尔巴尼亚,678,0,327,27,324,0.4823009,0.03982301,0.4778761,0.08256881,12.11111,0.5503247,,0.4579832,0.7941176,0.6694215,0.07627118,0.9237288,9.820747E-05,0,0.0001067105,6.704194E-05,0.0002477303
91.80479,"2020-04-24 19:18:54",阿尔巴尼亚,678,0,327,27,324,0.4823009,0.03982301,0.4778761,0.08256881,12.11111,0.5503247,,0.4579832,0.7941176,0.6694215,0.07627118,0.9237288,9.820747E-05,0,0.0001067105,6.704194E-05,0.0002477303
91.86493,"2020-04-24 20:45:30",阿尔巴尼亚,678,0,327,27,324,0.4823009,0.03982301,0.4778761,0.08256881,12.11111,0.5503247,,0.4579832,0.7941176,0.6694215,0.07627118,0.9237288,9.820747E-05,0,0.0001067105,6.704194E-05,0.0002477303
92.30549,"2020-04-25 07:19:54",阿尔巴尼亚,678,0,327,28,323,0.4823009,0.04129793,0.4764012,0.08562691,11.67857,0.5503247,,0.4579832,0.8235294,0.6673554,0.07887324,0.9211268,9.820747E-05,0,0.0001067105,6.952497E-05,0.0002469657
92.31685,"2020-04-25 07:36:16",阿尔巴尼亚,678,0,327,28,323,0.4823009,0.04129793,0.4764012,0.08562691,11.67857,0.5503247,,0.4579832,0.8235294,0.6673554,0.07887324,0.9211268,9.820747E-05,0,0.0001067105,6.952497E-05,0.0002469657
92.32249,"2020-04-25 07:44:23",阿尔巴尼亚,678,0,327,28,323,0.4823009,0.04129793,0.4764012,0.08562691,11.67857,0.5503247,,0.4579832,0.8235294,0.6673554,0.07887324,0.9211268,9.820747E-05,0,0.0001067105,6.952497E-05,0.0002469657
92.40874,"2020-04-25 09:48:35",阿尔巴尼亚,678,0,327,28,323,0.4823009,0.04129793,0.4764012,0.08562691,11.67857,0.5503247,,0.4579832,0.8235294,0.6673554,0.07887324,0.9211268,9.820747E-05,0,0.0001067105,6.952497E-05,0.0002469657
92.41789,"2020-04-25 10:01:46",阿尔巴尼亚,678,0,327,28,323,0.4823009,0.04129793,0.4764012,0.08562691,11.67857,0.5503247,,0.4579832,0.8235294,0.6673554,0.07887324,0.9211268,9.820747E-05,0,0.0001067105,6.952497E-05,0.0002469657
92.42705,"2020-04-25 10:14:57",阿尔巴尼亚,678,0,327,28,323,0.4823009,0.04129793,0.4764012,0.08562691,11.67857,0.5503247,,0.4579832,0.8235294,0.6673554,0.07887324,0.9211268,9.820747E-05,0,0.0001067105,6.952497E-05,0.0002469657
92.46942,"2020-04-25 11:15:58",阿尔巴尼亚,678,0,327,28,323,0.4823009,0.04129793,0.4764012,0.08562691,11.67857,0.5503247,,0.4579832,0.8235294,0.6673554,0.07887324,0.9211268,9.820747E-05,0,0.0001067105,6.952497E-05,0.0002469657
92.59807,"2020-04-25 14:21:13",阿尔巴尼亚,678,0,327,28,323,0.4823009,0.04129793,0.4764012,0.08562691,11.67857,0.5503247,,0.4579832,0.8235294,0.6673554,0.07887324,0.9211268,9.820747E-05,0,0.0001067105,6.952497E-05,0.0002469657
92.84248,"2020-04-25 20:13:10",阿尔巴尼亚,678,0,327,28,323,0.4823009,0.04129793,0.4764012,0.08562691,11.67857,0.5503247,,0.4579832,0.8235294,0.6673554,0.07887324,0.9211268,9.820747E-05,0,0.0001067105,6.952497E-05,0.0002469657
92.99699,"2020-04-25 23:55:40",阿尔巴尼亚,678,0,327,28,323,0.4823009,0.04129793,0.4764012,0.08562691,11.67857,0.5503247,,0.4579832,0.8235294,0.6673554,0.07887324,0.9211268,9.820747E-05,0,0.0001067105,6.952497E-05,0.0002469657
93.30923,"2020-04-26 07:25:17",阿尔巴尼亚,678,0,327,28,323,0.4823009,0.04129793,0.4764012,0.08562691,11.67857,0.5503247,,0.4579832,0.8235294,0.6673554,0.07887324,0.9211268,9.820747E-05,0,0.0001067105,6.952497E-05,0.0002469657
93.31767,"2020-04-26 07:37:26",阿尔巴尼亚,712,0,403,28,281,0.5660113,0.03932584,0.3946629,0.06947891,14.39286,0.5779221,,0.5644258,0.8235294,0.5805785,0.0649652,0.9350348,0.0001031323,0,0.0001315117,6.952497E-05,0.0002148525
93.32613,"2020-04-26 07:49:37",阿尔巴尼亚,712,0,403,28,281,0.5660113,0.03932584,0.3946629,0.06947891,14.39286,0.5779221,,0.5644258,0.8235294,0.5805785,0.0649652,0.9350348,0.0001031323,0,0.0001315117,6.952497E-05,0.0002148525
93.36009,"2020-04-26 08:38:32",阿尔巴尼亚,712,0,403,28,281,0.5660113,0.03932584,0.3946629,0.06947891,14.39286,0.5779221,,0.5644258,0.8235294,0.5805785,0.0649652,0.9350348,0.0001031323,0,0.0001315117,6.952497E-05,0.0002148525
93.41801,"2020-04-26 10:01:56",阿尔巴尼亚,712,0,403,28,281,0.5660113,0.03932584,0.3946629,0.06947891,14.39286,0.5779221,,0.5644258,0.8235294,0.5805785,0.0649652,0.9350348,0.0001031323,0,0.0001315117,6.952497E-05,0.0002148525
93.60368,"2020-04-26 14:29:18",阿尔巴尼亚,712,0,403,28,281,0.5660113,0.03932584,0.3946629,0.06947891,14.39286,0.5779221,,0.5644258,0.8235294,0.5805785,0.0649652,0.9350348,0.0001031323,0,0.0001315117,6.952497E-05,0.0002148525
93.82967,"2020-04-26 19:54:43",阿尔巴尼亚,712,0,403,28,281,0.5660113,0.03932584,0.3946629,0.06947891,14.39286,0.5779221,,0.5644258,0.8235294,0.5805785,0.0649652,0.9350348,0.0001031323,0,0.0001315117,6.952497E-05,0.0002148525
94.31987,"2020-04-27 07:40:37",阿尔巴尼亚,726,0,410,28,288,0.5647383,0.03856749,0.3966942,0.06829268,14.64286,0.5892857,,0.5742297,0.8235294,0.5950413,0.06392694,0.9360731,0.0001051602,0,0.000133796,6.952497E-05,0.0002202047
94.41944,"2020-04-27 10:04:00",阿尔巴尼亚,726,0,410,28,288,0.5647383,0.03856749,0.3966942,0.06829268,14.64286,0.5892857,,0.5742297,0.8235294,0.5950413,0.06392694,0.9360731,0.0001051602,0,0.000133796,6.952497E-05,0.0002202047
94.488,"2020-04-27 11:42:43",阿尔巴尼亚,726,0,410,28,288,0.5647383,0.03856749,0.3966942,0.06829268,14.64286,0.5892857,,0.5742297,0.8235294,0.5950413,0.06392694,0.9360731,0.0001051602,0,0.000133796,6.952497E-05,0.0002202047
94.5233,"2020-04-27 12:33:33",阿尔巴尼亚,726,0,410,28,288,0.5647383,0.03856749,0.3966942,0.06829268,14.64286,0.5892857,,0.5742297,0.8235294,0.5950413,0.06392694,0.9360731,0.0001051602,0,0.000133796,6.952497E-05,0.0002202047
94.70762,"2020-04-27 16:58:58",阿尔巴尼亚,726,0,410,28,288,0.5647383,0.03856749,0.3966942,0.06829268,14.64286,0.5892857,,0.5742297,0.8235294,0.5950413,0.06392694,0.9360731,0.0001051602,0,0.000133796,6.952497E-05,0.0002202047
94.78403,"2020-04-27 18:49:00",阿尔巴尼亚,726,0,410,28,288,0.5647383,0.03856749,0.3966942,0.06829268,14.64286,0.5892857,,0.5742297,0.8235294,0.5950413,0.06392694,0.9360731,0.0001051602,0,0.000133796,6.952497E-05,0.0002202047
94.81942,"2020-04-27 19:39:58",阿尔巴尼亚,726,0,410,28,288,0.5647383,0.03856749,0.3966942,0.06829268,14.64286,0.5892857,,0.5742297,0.8235294,0.5950413,0.06392694,0.9360731,0.0001051602,0,0.000133796,6.952497E-05,0.0002202047
94.84146,"2020-04-27 20:11:42",阿尔巴尼亚,726,0,410,28,288,0.5647383,0.03856749,0.3966942,0.06829268,14.64286,0.5892857,,0.5742297,0.8235294,0.5950413,0.06392694,0.9360731,0.0001051602,0,0.000133796,6.952497E-05,0.0002202047
95.31501,"2020-04-28 07:33:37",阿尔巴尼亚,726,0,410,28,288,0.5647383,0.03856749,0.3966942,0.06829268,14.64286,0.5892857,,0.5742297,0.8235294,0.5950413,0.06392694,0.9360731,0.0001051602,0,0.000133796,6.952497E-05,0.0002202047
95.33626,"2020-04-28 08:04:13",阿尔巴尼亚,736,0,422,28,286,0.5733696,0.03804348,0.388587,0.06635071,15.07143,0.5974026,,0.5910364,0.8235294,0.5909091,0.06222222,0.9377778,0.0001066087,0,0.000137712,6.952497E-05,0.0002186755
95.41776,"2020-04-28 10:01:34",阿尔巴尼亚,736,0,422,28,286,0.5733696,0.03804348,0.388587,0.06635071,15.07143,0.5974026,,0.5910364,0.8235294,0.5909091,0.06222222,0.9377778,0.0001066087,0,0.000137712,6.952497E-05,0.0002186755
95.46647,"2020-04-28 11:11:43",阿尔巴尼亚,736,0,422,28,286,0.5733696,0.03804348,0.388587,0.06635071,15.07143,0.5974026,,0.5910364,0.8235294,0.5909091,0.06222222,0.9377778,0.0001066087,0,0.000137712,6.952497E-05,0.0002186755
95.48621,"2020-04-28 11:40:09",阿尔巴尼亚,736,0,422,28,286,0.5733696,0.03804348,0.388587,0.06635071,15.07143,0.5974026,,0.5910364,0.8235294,0.5909091,0.06222222,0.9377778,0.0001066087,0,0.000137712,6.952497E-05,0.0002186755
95.69706,"2020-04-28 16:43:46",阿尔巴尼亚,736,0,422,28,286,0.5733696,0.03804348,0.388587,0.06635071,15.07143,0.5974026,,0.5910364,0.8235294,0.5909091,0.06222222,0.9377778,0.0001066087,0,0.000137712,6.952497E-05,0.0002186755
95.77756,"2020-04-28 18:39:41",阿尔巴尼亚,750,0,422,28,300,0.5626667,0.03733333,0.4,0.06635071,15.07143,0.6087663,,0.5910364,0.8235294,0.6198347,0.06222222,0.9377778,0.0001086366,0,0.000137712,6.952497E-05,0.0002293799
95.80233,"2020-04-28 19:15:21",阿尔巴尼亚,750,0,422,28,300,0.5626667,0.03733333,0.4,0.06635071,15.07143,0.6087663,,0.5910364,0.8235294,0.6198347,0.06222222,0.9377778,0.0001086366,0,0.000137712,6.952497E-05,0.0002293799
95.83269,"2020-04-28 19:59:04",阿尔巴尼亚,750,0,422,28,300,0.5626667,0.03733333,0.4,0.06635071,15.07143,0.6087663,,0.5910364,0.8235294,0.6198347,0.06222222,0.9377778,0.0001086366,0,0.000137712,6.952497E-05,0.0002293799
95.84693,"2020-04-28 20:19:35",阿尔巴尼亚,750,0,422,28,300,0.5626667,0.03733333,0.4,0.06635071,15.07143,0.6087663,,0.5910364,0.8235294,0.6198347,0.06222222,0.9377778,0.0001086366,0,0.000137712,6.952497E-05,0.0002293799
96.30901,"2020-04-29 07:24:58",阿尔巴尼亚,750,0,422,28,300,0.5626667,0.03733333,0.4,0.06635071,15.07143,0.6087663,,0.5910364,0.8235294,0.6198347,0.06222222,0.9377778,0.0001086366,0,0.000137712,6.952497E-05,0.0002293799
96.32249,"2020-04-29 07:44:23",阿尔巴尼亚,750,0,422,28,300,0.5626667,0.03733333,0.4,0.06635071,15.07143,0.6087663,,0.5910364,0.8235294,0.6198347,0.06222222,0.9377778,0.0001086366,0,0.000137712,6.952497E-05,0.0002293799
96.41798,"2020-04-29 10:01:53",阿尔巴尼亚,750,0,422,28,300,0.5626667,0.03733333,0.4,0.06635071,15.07143,0.6087663,,0.5910364,0.8235294,0.6198347,0.06222222,0.9377778,0.0001086366,0,0.000137712,6.952497E-05,0.0002293799
96.49123,"2020-04-29 11:47:22",阿尔巴尼亚,750,0,422,28,300,0.5626667,0.03733333,0.4,0.06635071,15.07143,0.6087663,,0.5910364,0.8235294,0.6198347,0.06222222,0.9377778,0.0001086366,0,0.000137712,6.952497E-05,0.0002293799
96.6151,"2020-04-29 14:45:45",阿尔巴尼亚,750,0,422,28,300,0.5626667,0.03733333,0.4,0.06635071,15.07143,0.6087663,,0.5910364,0.8235294,0.6198347,0.06222222,0.9377778,0.0001086366,0,0.000137712,6.952497E-05,0.0002293799
96.81808,"2020-04-29 19:38:02",阿尔巴尼亚,750,0,422,28,300,0.5626667,0.03733333,0.4,0.06635071,15.07143,0.6087663,,0.5910364,0.8235294,0.6198347,0.06222222,0.9377778,0.0001086366,0,0.000137712,6.952497E-05,0.0002293799
96.96873,"2020-04-29 23:14:58",阿尔巴尼亚,766,0,422,30,314,0.5509138,0.03916449,0.4099217,0.07109005,14.06667,0.6217533,,0.5910364,0.8823529,0.6487603,0.06637168,0.9336283,0.0001109542,0,0.000137712,7.449104E-05,0.0002400843
97.02005,"2020-04-30 00:28:52",阿尔巴尼亚,766,0,422,30,314,0.5509138,0.03916449,0.4099217,0.07109005,14.06667,0.6217533,,0.5910364,0.8823529,0.6487603,0.06637168,0.9336283,0.0001109542,0,0.000137712,7.449104E-05,0.0002400843
97.30281,"2020-04-30 07:16:03",阿尔巴尼亚,766,0,422,30,314,0.5509138,0.03916449,0.4099217,0.07109005,14.06667,0.6217533,,0.5910364,0.8823529,0.6487603,0.06637168,0.9336283,0.0001109542,0,0.000137712,7.449104E-05,0.0002400843
97.32195,"2020-04-30 07:43:37",阿尔巴尼亚,766,0,422,30,314,0.5509138,0.03916449,0.4099217,0.07109005,14.06667,0.6217533,,0.5910364,0.8823529,0.6487603,0.06637168,0.9336283,0.0001109542,0,0.000137712,7.449104E-05,0.0002400843
97.32972,"2020-04-30 07:54:48",阿尔巴尼亚,766,0,422,30,314,0.5509138,0.03916449,0.4099217,0.07109005,14.06667,0.6217533,,0.5910364,0.8823529,0.6487603,0.06637168,0.9336283,0.0001109542,0,0.000137712,7.449104E-05,0.0002400843
97.41779,"2020-04-30 10:01:37",阿尔巴尼亚,766,0,422,30,314,0.5509138,0.03916449,0.4099217,0.07109005,14.06667,0.6217533,,0.5910364,0.8823529,0.6487603,0.06637168,0.9336283,0.0001109542,0,0.000137712,7.449104E-05,0.0002400843
97.46754,"2020-04-30 11:13:16",阿尔巴尼亚,766,0,422,30,314,0.5509138,0.03916449,0.4099217,0.07109005,14.06667,0.6217533,,0.5910364,0.8823529,0.6487603,0.06637168,0.9336283,0.0001109542,0,0.000137712,7.449104E-05,0.0002400843
97.67935,"2020-04-30 16:18:16",阿尔巴尼亚,766,0,422,30,314,0.5509138,0.03916449,0.4099217,0.07109005,14.06667,0.6217533,,0.5910364,0.8823529,0.6487603,0.06637168,0.9336283,0.0001109542,0,0.000137712,7.449104E-05,0.0002400843
97.78845,"2020-04-30 18:55:22",阿尔巴尼亚,773,0,422,30,321,0.545925,0.03880983,0.4152652,0.07109005,14.06667,0.6274351,,0.5910364,0.8823529,0.6632231,0.06637168,0.9336283,0.0001119681,0,0.000137712,7.449104E-05,0.0002454365
97.79844,"2020-04-30 19:09:45",阿尔巴尼亚,773,0,422,30,321,0.545925,0.03880983,0.4152652,0.07109005,14.06667,0.6274351,,0.5910364,0.8823529,0.6632231,0.06637168,0.9336283,0.0001119681,0,0.000137712,7.449104E-05,0.0002454365
97.86226,"2020-04-30 20:41:39",阿尔巴尼亚,773,0,422,30,321,0.545925,0.03880983,0.4152652,0.07109005,14.06667,0.6274351,,0.5910364,0.8823529,0.6632231,0.06637168,0.9336283,0.0001119681,0,0.000137712,7.449104E-05,0.0002454365
97.9324,"2020-04-30 22:22:39",阿尔巴尼亚,773,0,422,30,321,0.545925,0.03880983,0.4152652,0.07109005,14.06667,0.6274351,,0.5910364,0.8823529,0.6632231,0.06637168,0.9336283,0.0001119681,0,0.000137712,7.449104E-05,0.0002454365
98.31431,"2020-05-01 07:32:36",阿尔巴尼亚,773,0,422,30,321,0.545925,0.03880983,0.4152652,0.07109005,14.06667,0.6274351,,0.5910364,0.8823529,0.6632231,0.06637168,0.9336283,0.0001119681,0,0.000137712,7.449104E-05,0.0002454365
98.3277,"2020-05-01 07:51:53",阿尔巴尼亚,773,0,422,31,320,0.545925,0.04010349,0.4139715,0.07345971,13.6129,0.6274351,,0.5910364,0.9117647,0.661157,0.06843267,0.9315673,0.0001119681,0,0.000137712,7.697407E-05,0.0002446719
98.41784,"2020-05-01 10:01:41",阿尔巴尼亚,773,0,422,31,320,0.545925,0.04010349,0.4139715,0.07345971,13.6129,0.6274351,,0.5910364,0.9117647,0.661157,0.06843267,0.9315673,0.0001119681,0,0.000137712,7.697407E-05,0.0002446719
98.73566,"2020-05-01 17:39:21",阿尔巴尼亚,773,0,422,31,320,0.545925,0.04010349,0.4139715,0.07345971,13.6129,0.6274351,,0.5910364,0.9117647,0.661157,0.06843267,0.9315673,0.0001119681,0,0.000137712,7.697407E-05,0.0002446719
98.8046,"2020-05-01 19:18:37",阿尔巴尼亚,773,0,422,31,320,0.545925,0.04010349,0.4139715,0.07345971,13.6129,0.6274351,,0.5910364,0.9117647,0.661157,0.06843267,0.9315673,0.0001119681,0,0.000137712,7.697407E-05,0.0002446719
99.08146,"2020-05-02 01:57:18",阿尔巴尼亚,773,0,422,31,320,0.545925,0.04010349,0.4139715,0.07345971,13.6129,0.6274351,,0.5910364,0.9117647,0.661157,0.06843267,0.9315673,0.0001119681,0,0.000137712,7.697407E-05,0.0002446719
99.3484,"2020-05-02 08:21:42",阿尔巴尼亚,773,0,422,31,320,0.545925,0.04010349,0.4139715,0.07345971,13.6129,0.6274351,,0.5910364,0.9117647,0.661157,0.06843267,0.9315673,0.0001119681,0,0.000137712,7.697407E-05,0.0002446719
99.35898,"2020-05-02 08:36:56",阿尔巴尼亚,782,0,422,31,329,0.5396419,0.03964194,0.4207161,0.07345971,13.6129,0.6347402,,0.5910364,0.9117647,0.6797521,0.06843267,0.9315673,0.0001132717,0,0.000137712,7.697407E-05,0.0002515533
99.36536,"2020-05-02 08:46:07",阿尔巴尼亚,782,0,422,31,329,0.5396419,0.03964194,0.4207161,0.07345971,13.6129,0.6347402,,0.5910364,0.9117647,0.6797521,0.06843267,0.9315673,0.0001132717,0,0.000137712,7.697407E-05,0.0002515533
99.37887,"2020-05-02 09:05:34",阿尔巴尼亚,782,0,422,31,329,0.5396419,0.03964194,0.4207161,0.07345971,13.6129,0.6347402,,0.5910364,0.9117647,0.6797521,0.06843267,0.9315673,0.0001132717,0,0.000137712,7.697407E-05,0.0002515533
99.41786,"2020-05-02 10:01:43",阿尔巴尼亚,782,0,422,31,329,0.5396419,0.03964194,0.4207161,0.07345971,13.6129,0.6347402,,0.5910364,0.9117647,0.6797521,0.06843267,0.9315673,0.0001132717,0,0.000137712,7.697407E-05,0.0002515533
99.54493,"2020-05-02 13:04:42",阿尔巴尼亚,782,0,422,31,329,0.5396419,0.03964194,0.4207161,0.07345971,13.6129,0.6347402,,0.5910364,0.9117647,0.6797521,0.06843267,0.9315673,0.0001132717,0,0.000137712,7.697407E-05,0.0002515533
99.64285,"2020-05-02 15:25:42",阿尔巴尼亚,782,0,422,31,329,0.5396419,0.03964194,0.4207161,0.07345971,13.6129,0.6347402,,0.5910364,0.9117647,0.6797521,0.06843267,0.9315673,0.0001132717,0,0.000137712,7.697407E-05,0.0002515533
99.84861,"2020-05-02 20:22:00",阿尔巴尼亚,782,0,422,31,329,0.5396419,0.03964194,0.4207161,0.07345971,13.6129,0.6347402,,0.5910364,0.9117647,0.6797521,0.06843267,0.9315673,0.0001132717,0,0.000137712,7.697407E-05,0.0002515533
99.8636,"2020-05-02 20:43:35",阿尔巴尼亚,782,0,422,31,329,0.5396419,0.03964194,0.4207161,0.07345971,13.6129,0.6347402,,0.5910364,0.9117647,0.6797521,0.06843267,0.9315673,0.0001132717,0,0.000137712,7.697407E-05,0.0002515533
100.3177,"2020-05-03 07:37:29",阿尔巴尼亚,789,0,422,31,336,0.5348542,0.03929024,0.4258555,0.07345971,13.6129,0.6404221,,0.5910364,0.9117647,0.6942149,0.06843267,0.9315673,0.0001142857,0,0.000137712,7.697407E-05,0.0002569055
100.3297,"2020-05-03 07:54:47",阿尔巴尼亚,789,0,519,31,239,0.6577947,0.03929024,0.3029151,0.05973025,16.74194,0.6404221,,0.7268907,0.9117647,0.4938017,0.05636363,0.9436364,0.0001142857,0,0.0001693661,7.697407E-05,0.0001827393
100.3425,"2020-05-03 08:13:14",阿尔巴尼亚,789,0,519,31,239,0.6577947,0.03929024,0.3029151,0.05973025,16.74194,0.6404221,,0.7268907,0.9117647,0.4938017,0.05636363,0.9436364,0.0001142857,0,0.0001693661,7.697407E-05,0.0001827393
100.9271,"2020-05-03 22:15:01",阿尔巴尼亚,789,0,519,31,239,0.6577947,0.03929024,0.3029151,0.05973025,16.74194,0.6404221,,0.7268907,0.9117647,0.4938017,0.05636363,0.9436364,0.0001142857,0,0.0001693661,7.697407E-05,0.0001827393
101.4359,"2020-05-04 10:27:45",阿尔巴尼亚,795,0,519,31,245,0.6528302,0.03899371,0.3081761,0.05973025,16.74194,0.6452922,,0.7268907,0.9117647,0.5061983,0.05636363,0.9436364,0.0001151548,0,0.0001693661,7.697407E-05,0.0001873269
101.6098,"2020-05-04 14:38:04",阿尔巴尼亚,795,0,519,31,245,0.6528302,0.03899371,0.3081761,0.05973025,16.74194,0.6452922,,0.7268907,0.9117647,0.5061983,0.05636363,0.9436364,0.0001151548,0,0.0001693661,7.697407E-05,0.0001873269
101.8619,"2020-05-04 20:41:06",阿尔巴尼亚,795,0,519,31,245,0.6528302,0.03899371,0.3081761,0.05973025,16.74194,0.6452922,,0.7268907,0.9117647,0.5061983,0.05636363,0.9436364,0.0001151548,0,0.0001693661,7.697407E-05,0.0001873269
102.3395,"2020-05-05 08:08:54",阿尔巴尼亚,795,0,519,31,245,0.6528302,0.03899371,0.3081761,0.05973025,16.74194,0.6452922,,0.7268907,0.9117647,0.5061983,0.05636363,0.9436364,0.0001151548,0,0.0001693661,7.697407E-05,0.0001873269
102.6091,"2020-05-05 14:37:10",阿尔巴尼亚,795,0,519,31,245,0.6528302,0.03899371,0.3081761,0.05973025,16.74194,0.6452922,,0.7268907,0.9117647,0.5061983,0.05636363,0.9436364,0.0001151548,0,0.0001693661,7.697407E-05,0.0001873269
103.3409,"2020-05-06 08:10:57",阿尔巴尼亚,803,0,519,31,253,0.6463263,0.03860523,0.3150685,0.05973025,16.74194,0.6517857,,0.7268907,0.9117647,0.5227273,0.05636363,0.9436364,0.0001163136,0,0.0001693661,7.697407E-05,0.0001934437
103.4178,"2020-05-06 10:01:35",阿尔巴尼亚,803,0,519,31,253,0.6463263,0.03860523,0.3150685,0.05973025,16.74194,0.6517857,,0.7268907,0.9117647,0.5227273,0.05636363,0.9436364,0.0001163136,0,0.0001693661,7.697407E-05,0.0001934437
103.5924,"2020-05-06 14:13:00",阿尔巴尼亚,803,0,519,31,253,0.6463263,0.03860523,0.3150685,0.05973025,16.74194,0.6517857,,0.7268907,0.9117647,0.5227273,0.05636363,0.9436364,0.0001163136,0,0.0001693661,7.697407E-05,0.0001934437
103.786,"2020-05-06 18:51:51",阿尔巴尼亚,803,0,519,31,253,0.6463263,0.03860523,0.3150685,0.05973025,16.74194,0.6517857,,0.7268907,0.9117647,0.5227273,0.05636363,0.9436364,0.0001163136,0,0.0001693661,7.697407E-05,0.0001934437
103.8296,"2020-05-06 19:54:39",阿尔巴尼亚,832,0,570,31,231,0.6850961,0.03725962,0.2776442,0.05438596,18.3871,0.6753247,,0.7983193,0.9117647,0.4772727,0.0515807,0.9484193,0.0001205142,0,0.0001860091,7.697407E-05,0.0001766225
103.9726,"2020-05-06 23:20:35",阿尔巴尼亚,832,0,570,31,231,0.6850961,0.03725962,0.2776442,0.05438596,18.3871,0.6753247,,0.7983193,0.9117647,0.4772727,0.0515807,0.9484193,0.0001205142,0,0.0001860091,7.697407E-05,0.0001766225
104.3124,"2020-05-07 07:29:51",阿尔巴尼亚,832,0,570,31,231,0.6850961,0.03725962,0.2776442,0.05438596,18.3871,0.6753247,,0.7983193,0.9117647,0.4772727,0.0515807,0.9484193,0.0001205142,0,0.0001860091,7.697407E-05,0.0001766225
104.418,"2020-05-07 10:01:58",阿尔巴尼亚,832,0,570,31,231,0.6850961,0.03725962,0.2776442,0.05438596,18.3871,0.6753247,,0.7983193,0.9117647,0.4772727,0.0515807,0.9484193,0.0001205142,0,0.0001860091,7.697407E-05,0.0001766225
104.6806,"2020-05-07 16:20:05",阿尔巴尼亚,832,0,570,31,231,0.6850961,0.03725962,0.2776442,0.05438596,18.3871,0.6753247,,0.7983193,0.9117647,0.4772727,0.0515807,0.9484193,0.0001205142,0,0.0001860091,7.697407E-05,0.0001766225
104.844,"2020-05-07 20:15:22",阿尔巴尼亚,832,0,570,31,231,0.6850961,0.03725962,0.2776442,0.05438596,18.3871,0.6753247,,0.7983193,0.9117647,0.4772727,0.0515807,0.9484193,0.0001205142,0,0.0001860091,7.697407E-05,0.0001766225
104.9777,"2020-05-07 23:27:49",阿尔巴尼亚,832,0,570,31,231,0.6850961,0.03725962,0.2776442,0.05438596,18.3871,0.6753247,,0.7983193,0.9117647,0.4772727,0.0515807,0.9484193,0.0001205142,0,0.0001860091,7.697407E-05,0.0001766225
105.0213,"2020-05-08 00:30:44",阿尔巴尼亚,842,0,605,31,206,0.7185273,0.0368171,0.2446556,0.05123967,19.51613,0.6834416,,0.8473389,0.9117647,0.4256198,0.04874214,0.9512579,0.0001219627,0,0.0001974307,7.697407E-05,0.0001575075
105.3154,"2020-05-08 07:34:09",阿尔巴尼亚,842,0,605,31,206,0.7185273,0.0368171,0.2446556,0.05123967,19.51613,0.6834416,,0.8473389,0.9117647,0.4256198,0.04874214,0.9512579,0.0001219627,0,0.0001974307,7.697407E-05,0.0001575075
105.4183,"2020-05-08 10:02:21",阿尔巴尼亚,842,0,605,31,206,0.7185273,0.0368171,0.2446556,0.05123967,19.51613,0.6834416,,0.8473389,0.9117647,0.4256198,0.04874214,0.9512579,0.0001219627,0,0.0001974307,7.697407E-05,0.0001575075
106.6824,"2020-05-09 16:22:42",阿尔巴尼亚,850,0,605,31,214,0.7117647,0.03647059,0.2517647,0.05123967,19.51613,0.6899351,,0.8473389,0.9117647,0.4421488,0.04874214,0.9512579,0.0001231215,0,0.0001974307,7.697407E-05,0.0001636243
106.8444,"2020-05-09 20:15:56",阿尔巴尼亚,850,0,605,31,214,0.7117647,0.03647059,0.2517647,0.05123967,19.51613,0.6899351,,0.8473389,0.9117647,0.4421488,0.04874214,0.9512579,0.0001231215,0,0.0001974307,7.697407E-05,0.0001636243
107.3225,"2020-05-10 07:44:24",阿尔巴尼亚,856,0,605,31,220,0.7067757,0.03621495,0.2570094,0.05123967,19.51613,0.6948052,,0.8473389,0.9117647,0.4545455,0.04874214,0.9512579,0.0001239906,0,0.0001974307,7.697407E-05,0.0001682119
107.3416,"2020-05-10 08:11:52",阿尔巴尼亚,856,0,605,31,220,0.7067757,0.03621495,0.2570094,0.05123967,19.51613,0.6948052,,0.8473389,0.9117647,0.4545455,0.04874214,0.9512579,0.0001239906,0,0.0001974307,7.697407E-05,0.0001682119
107.4179,"2020-05-10 10:01:48",阿尔巴尼亚,856,0,605,31,220,0.7067757,0.03621495,0.2570094,0.05123967,19.51613,0.6948052,,0.8473389,0.9117647,0.4545455,0.04874214,0.9512579,0.0001239906,0,0.0001974307,7.697407E-05,0.0001682119
107.4257,"2020-05-10 10:12:58",阿尔巴尼亚,856,0,605,31,220,0.7067757,0.03621495,0.2570094,0.05123967,19.51613,0.6948052,,0.8473389,0.9117647,0.4545455,0.04874214,0.9512579,0.0001239906,0,0.0001974307,7.697407E-05,0.0001682119
107.6057,"2020-05-10 14:32:16",阿尔巴尼亚,856,0,605,31,220,0.7067757,0.03621495,0.2570094,0.05123967,19.51613,0.6948052,,0.8473389,0.9117647,0.4545455,0.04874214,0.9512579,0.0001239906,0,0.0001974307,7.697407E-05,0.0001682119
107.8502,"2020-05-10 20:24:20",阿尔巴尼亚,856,0,605,31,220,0.7067757,0.03621495,0.2570094,0.05123967,19.51613,0.6948052,,0.8473389,0.9117647,0.4545455,0.04874214,0.9512579,0.0001239906,0,0.0001974307,7.697407E-05,0.0001682119
107.9879,"2020-05-10 23:42:37",阿尔巴尼亚,856,0,605,31,220,0.7067757,0.03621495,0.2570094,0.05123967,19.51613,0.6948052,,0.8473389,0.9117647,0.4545455,0.04874214,0.9512579,0.0001239906,0,0.0001974307,7.697407E-05,0.0001682119
108.252,"2020-05-11 06:02:49",阿尔巴尼亚,868,0,650,31,187,0.7488479,0.03571429,0.2154378,0.04769231,20.96774,0.7045454,,0.9103642,0.9117647,0.3863636,0.04552129,0.9544787,0.0001257287,0,0.0002121156,7.697407E-05,0.0001429801
108.3396,"2020-05-11 08:09:04",阿尔巴尼亚,868,0,650,31,187,0.7488479,0.03571429,0.2154378,0.04769231,20.96774,0.7045454,,0.9103642,0.9117647,0.3863636,0.04552129,0.9544787,0.0001257287,0,0.0002121156,7.697407E-05,0.0001429801
108.4181,"2020-05-11 10:02:01",阿尔巴尼亚,868,0,650,31,187,0.7488479,0.03571429,0.2154378,0.04769231,20.96774,0.7045454,,0.9103642,0.9117647,0.3863636,0.04552129,0.9544787,0.0001257287,0,0.0002121156,7.697407E-05,0.0001429801
108.4576,"2020-05-11 10:58:57",阿尔巴尼亚,868,0,650,31,187,0.7488479,0.03571429,0.2154378,0.04769231,20.96774,0.7045454,,0.9103642,0.9117647,0.3863636,0.04552129,0.9544787,0.0001257287,0,0.0002121156,7.697407E-05,0.0001429801
108.5861,"2020-05-11 14:04:00",阿尔巴尼亚,868,0,650,31,187,0.7488479,0.03571429,0.2154378,0.04769231,20.96774,0.7045454,,0.9103642,0.9117647,0.3863636,0.04552129,0.9544787,0.0001257287,0,0.0002121156,7.697407E-05,0.0001429801
108.9689,"2020-05-11 23:15:13",阿尔巴尼亚,868,0,650,31,187,0.7488479,0.03571429,0.2154378,0.04769231,20.96774,0.7045454,,0.9103642,0.9117647,0.3863636,0.04552129,0.9544787,0.0001257287,0,0.0002121156,7.697407E-05,0.0001429801
109.3212,"2020-05-12 07:42:32",阿尔巴尼亚,868,0,650,31,187,0.7488479,0.03571429,0.2154378,0.04769231,20.96774,0.7045454,,0.9103642,0.9117647,0.3863636,0.04552129,0.9544787,0.0001257287,0,0.0002121156,7.697407E-05,0.0001429801
109.5581,"2020-05-12 13:23:42",阿尔巴尼亚,868,0,650,31,187,0.7488479,0.03571429,0.2154378,0.04769231,20.96774,0.7045454,,0.9103642,0.9117647,0.3863636,0.04552129,0.9544787,0.0001257287,0,0.0002121156,7.697407E-05,0.0001429801
109.5765,"2020-05-12 13:50:07",阿尔巴尼亚,868,0,650,31,187,0.7488479,0.03571429,0.2154378,0.04769231,20.96774,0.7045454,,0.9103642,0.9117647,0.3863636,0.04552129,0.9544787,0.0001257287,0,0.0002121156,7.697407E-05,0.0001429801
109.6224,"2020-05-12 14:56:15",阿尔巴尼亚,872,0,650,31,191,0.7454128,0.03555046,0.2190367,0.04769231,20.96774,0.7077922,,0.9103642,0.9117647,0.3946281,0.04552129,0.9544787,0.0001263081,0,0.0002121156,7.697407E-05,0.0001460385
109.9549,"2020-05-12 22:55:07",阿尔巴尼亚,872,0,650,31,191,0.7454128,0.03555046,0.2190367,0.04769231,20.96774,0.7077922,,0.9103642,0.9117647,0.3946281,0.04552129,0.9544787,0.0001263081,0,0.0002121156,7.697407E-05,0.0001460385
110.301,"2020-05-13 07:13:28",阿尔巴尼亚,872,0,650,31,191,0.7454128,0.03555046,0.2190367,0.04769231,20.96774,0.7077922,,0.9103642,0.9117647,0.3946281,0.04552129,0.9544787,0.0001263081,0,0.0002121156,7.697407E-05,0.0001460385
110.3201,"2020-05-13 07:40:56",阿尔巴尼亚,876,0,682,31,163,0.7785388,0.03538813,0.1860731,0.04545455,22,0.7110389,,0.9551821,0.9117647,0.3367769,0.04347826,0.9565217,0.0001268875,0,0.0002225582,7.697407E-05,0.0001246297
110.4177,"2020-05-13 10:01:30",阿尔巴尼亚,876,0,682,31,163,0.7785388,0.03538813,0.1860731,0.04545455,22,0.7110389,,0.9551821,0.9117647,0.3367769,0.04347826,0.9565217,0.0001268875,0,0.0002225582,7.697407E-05,0.0001246297
110.6337,"2020-05-13 15:12:33",阿尔巴尼亚,876,0,682,31,163,0.7785388,0.03538813,0.1860731,0.04545455,22,0.7110389,,0.9551821,0.9117647,0.3367769,0.04347826,0.9565217,0.0001268875,0,0.0002225582,7.697407E-05,0.0001246297
110.967,"2020-05-13 23:12:33",阿尔巴尼亚,876,0,682,31,163,0.7785388,0.03538813,0.1860731,0.04545455,22,0.7110389,,0.9551821,0.9117647,0.3367769,0.04347826,0.9565217,0.0001268875,0,0.0002225582,7.697407E-05,0.0001246297
110.9946,"2020-05-13 23:52:11",阿尔巴尼亚,876,0,682,31,163,0.7785388,0.03538813,0.1860731,0.04545455,22,0.7110389,,0.9551821,0.9117647,0.3367769,0.04347826,0.9565217,0.0001268875,0,0.0002225582,7.697407E-05,0.0001246297
111.3184,"2020-05-14 07:38:32",阿尔巴尼亚,876,0,682,31,163,0.7785388,0.03538813,0.1860731,0.04545455,22,0.7110389,,0.9551821,0.9117647,0.3367769,0.04347826,0.9565217,0.0001268875,0,0.0002225582,7.697407E-05,0.0001246297
111.7,"2020-05-14 16:48:01",阿尔巴尼亚,876,0,682,31,163,0.7785388,0.03538813,0.1860731,0.04545455,22,0.7110389,,0.9551821,0.9117647,0.3367769,0.04347826,0.9565217,0.0001268875,0,0.0002225582,7.697407E-05,0.0001246297
111.9635,"2020-05-14 23:07:27",阿尔巴尼亚,876,0,682,31,163,0.7785388,0.03538813,0.1860731,0.04545455,22,0.7110389,,0.9551821,0.9117647,0.3367769,0.04347826,0.9565217,0.0001268875,0,0.0002225582,7.697407E-05,0.0001246297
112.3214,"2020-05-15 07:42:50",阿尔巴尼亚,880,0,682,31,167,0.775,0.03522727,0.1897727,0.04545455,22,0.7142857,,0.9551821,0.9117647,0.3450413,0.04347826,0.9565217,0.0001274669,0,0.0002225582,7.697407E-05,0.0001276881
112.3342,"2020-05-15 08:01:13",阿尔巴尼亚,880,0,682,31,167,0.775,0.03522727,0.1897727,0.04545455,22,0.7142857,,0.9551821,0.9117647,0.3450413,0.04347826,0.9565217,0.0001274669,0,0.0002225582,7.697407E-05,0.0001276881
112.4177,"2020-05-15 10:01:32",阿尔巴尼亚,880,0,682,31,167,0.775,0.03522727,0.1897727,0.04545455,22,0.7142857,,0.9551821,0.9117647,0.3450413,0.04347826,0.9565217,0.0001274669,0,0.0002225582,7.697407E-05,0.0001276881
112.6839,"2020-05-15 16:24:47",阿尔巴尼亚,880,0,682,31,167,0.775,0.03522727,0.1897727,0.04545455,22,0.7142857,,0.9551821,0.9117647,0.3450413,0.04347826,0.9565217,0.0001274669,0,0.0002225582,7.697407E-05,0.0001276881
112.7966,"2020-05-15 19:07:03",阿尔巴尼亚,880,0,682,31,167,0.775,0.03522727,0.1897727,0.04545455,22,0.7142857,,0.9551821,0.9117647,0.3450413,0.04347826,0.9565217,0.0001274669,0,0.0002225582,7.697407E-05,0.0001276881
113.3149,"2020-05-16 07:33:31",阿尔巴尼亚,898,0,682,31,185,0.7594655,0.03452116,0.2060134,0.04545455,22,0.7288961,,0.9551821,0.9117647,0.3822314,0.04347826,0.9565217,0.0001300742,0,0.0002225582,7.697407E-05,0.0001414509
113.3269,"2020-05-16 07:50:46",阿尔巴尼亚,898,0,682,31,185,0.7594655,0.03452116,0.2060134,0.04545455,22,0.7288961,,0.9551821,0.9117647,0.3822314,0.04347826,0.9565217,0.0001300742,0,0.0002225582,7.697407E-05,0.0001414509
113.4189,"2020-05-16 10:03:16",阿尔巴尼亚,898,0,682,31,185,0.7594655,0.03452116,0.2060134,0.04545455,22,0.7288961,,0.9551821,0.9117647,0.3822314,0.04347826,0.9565217,0.0001300742,0,0.0002225582,7.697407E-05,0.0001414509
113.4727,"2020-05-16 11:20:38",阿尔巴尼亚,898,0,682,31,185,0.7594655,0.03452116,0.2060134,0.04545455,22,0.7288961,,0.9551821,0.9117647,0.3822314,0.04347826,0.9565217,0.0001300742,0,0.0002225582,7.697407E-05,0.0001414509
113.5979,"2020-05-16 14:21:01",阿尔巴尼亚,898,0,682,31,185,0.7594655,0.03452116,0.2060134,0.04545455,22,0.7288961,,0.9551821,0.9117647,0.3822314,0.04347826,0.9565217,0.0001300742,0,0.0002225582,7.697407E-05,0.0001414509
113.8543,"2020-05-16 20:30:12",阿尔巴尼亚,898,0,682,31,185,0.7594655,0.03452116,0.2060134,0.04545455,22,0.7288961,,0.9551821,0.9117647,0.3822314,0.04347826,0.9565217,0.0001300742,0,0.0002225582,7.697407E-05,0.0001414509
114.3319,"2020-05-17 07:57:58",阿尔巴尼亚,933,0,682,31,220,0.7309753,0.03322615,0.2357985,0.04545455,22,0.7573052,,0.9551821,0.9117647,0.4545455,0.04347826,0.9565217,0.0001351439,0,0.0002225582,7.697407E-05,0.0001682119
114.4177,"2020-05-17 10:01:30",阿尔巴尼亚,933,0,682,31,220,0.7309753,0.03322615,0.2357985,0.04545455,22,0.7573052,,0.9551821,0.9117647,0.4545455,0.04347826,0.9565217,0.0001351439,0,0.0002225582,7.697407E-05,0.0001682119
114.6088,"2020-05-17 14:36:40",阿尔巴尼亚,933,0,682,31,220,0.7309753,0.03322615,0.2357985,0.04545455,22,0.7573052,,0.9551821,0.9117647,0.4545455,0.04347826,0.9565217,0.0001351439,0,0.0002225582,7.697407E-05,0.0001682119
114.7383,"2020-05-17 17:43:06",阿尔巴尼亚,946,0,714,31,201,0.7547569,0.03276956,0.2124736,0.04341737,23.03226,0.7678571,,1,0.9117647,0.4152893,0.04161074,0.9583893,0.0001370269,0,0.0002330008,7.697407E-05,0.0001536845
114.8189,"2020-05-17 19:39:17",阿尔巴尼亚,946,0,714,31,201,0.7547569,0.03276956,0.2124736,0.04341737,23.03226,0.7678571,,1,0.9117647,0.4152893,0.04161074,0.9583893,0.0001370269,0,0.0002330008,7.697407E-05,0.0001536845
115.0166,"2020-05-18 00:23:52",阿尔巴尼亚,946,0,714,31,201,0.7547569,0.03276956,0.2124736,0.04341737,23.03226,0.7678571,,1,0.9117647,0.4152893,0.04161074,0.9583893,0.0001370269,0,0.0002330008,7.697407E-05,0.0001536845
115.3291,"2020-05-18 07:53:58",阿尔巴尼亚,946,0,714,31,201,0.7547569,0.03276956,0.2124736,0.04341737,23.03226,0.7678571,,1,0.9117647,0.4152893,0.04161074,0.9583893,0.0001370269,0,0.0002330008,7.697407E-05,0.0001536845
115.3305,"2020-05-18 07:55:59",阿尔巴尼亚,946,0,714,31,201,0.7547569,0.03276956,0.2124736,0.04341737,23.03226,0.7678571,,1,0.9117647,0.4152893,0.04161074,0.9583893,0.0001370269,0,0.0002330008,7.697407E-05,0.0001536845
115.4185,"2020-05-18 10:02:35",阿尔巴尼亚,946,0,714,31,201,0.7547569,0.03276956,0.2124736,0.04341737,23.03226,0.7678571,,1,0.9117647,0.4152893,0.04161074,0.9583893,0.0001370269,0,0.0002330008,7.697407E-05,0.0001536845
115.9668,"2020-05-18 23:12:13",阿尔巴尼亚,946,0,714,31,201,0.7547569,0.03276956,0.2124736,0.04341737,23.03226,0.7678571,,1,0.9117647,0.4152893,0.04161074,0.9583893,0.0001370269,0,0.0002330008,7.697407E-05,0.0001536845
116.3099,"2020-05-19 07:26:13",阿尔巴尼亚,948,0,714,31,203,0.7531645,0.03270042,0.214135,0.04341737,23.03226,0.7694805,,1,0.9117647,0.4194215,0.04161074,0.9583893,0.0001373166,0,0.0002330008,7.697407E-05,0.0001552137
116.4181,"2020-05-19 10:02:04",阿尔巴尼亚,948,0,714,31,203,0.7531645,0.03270042,0.214135,0.04341737,23.03226,0.7694805,,1,0.9117647,0.4194215,0.04161074,0.9583893,0.0001373166,0,0.0002330008,7.697407E-05,0.0001552137
116.5506,"2020-05-19 13:12:50",阿尔巴尼亚,948,0,714,31,203,0.7531645,0.03270042,0.214135,0.04341737,23.03226,0.7694805,,1,0.9117647,0.4194215,0.04161074,0.9583893,0.0001373166,0,0.0002330008,7.697407E-05,0.0001552137
116.971,"2020-05-19 23:18:18",阿尔巴尼亚,948,0,714,31,203,0.7531645,0.03270042,0.214135,0.04341737,23.03226,0.7694805,,1,0.9117647,0.4194215,0.04161074,0.9583893,0.0001373166,0,0.0002330008,7.697407E-05,0.0001552137
117.3264,"2020-05-20 07:50:05",阿尔巴尼亚,948,0,714,31,203,0.7531645,0.03270042,0.214135,0.04341737,23.03226,0.7694805,,1,0.9117647,0.4194215,0.04161074,0.9583893,0.0001373166,0,0.0002330008,7.697407E-05,0.0001552137
117.4794,"2020-05-20 11:30:24",阿尔巴尼亚,948,0,714,31,203,0.7531645,0.03270042,0.214135,0.04341737,23.03226,0.7694805,,1,0.9117647,0.4194215,0.04161074,0.9583893,0.0001373166,0,0.0002330008,7.697407E-05,0.0001552137
119.5264,"2020-05-22 12:38:02",阿尔巴尼亚,969,0,714,31,224,0.7368421,0.03199174,0.2311662,0.04341737,23.03226,0.786526,,1,0.9117647,0.4628099,0.04161074,0.9583893,0.0001403585,0,0.0002330008,7.697407E-05,0.0001712703
119.6069,"2020-05-22 14:33:59",阿尔巴尼亚,969,0,714,31,224,0.7368421,0.03199174,0.2311662,0.04341737,23.03226,0.786526,,1,0.9117647,0.4628099,0.04161074,0.9583893,0.0001403585,0,0.0002330008,7.697407E-05,0.0001712703
119.7774,"2020-05-22 18:39:30",阿尔巴尼亚,969,0,714,31,224,0.7368421,0.03199174,0.2311662,0.04341737,23.03226,0.786526,,1,0.9117647,0.4628099,0.04161074,0.9583893,0.0001403585,0,0.0002330008,7.697407E-05,0.0001712703
119.7866,"2020-05-22 18:52:43",阿尔巴尼亚,969,0,714,31,224,0.7368421,0.03199174,0.2311662,0.04341737,23.03226,0.786526,,1,0.9117647,0.4628099,0.04161074,0.9583893,0.0001403585,0,0.0002330008,7.697407E-05,0.0001712703
119.8397,"2020-05-22 20:09:06",阿尔巴尼亚,969,0,714,31,224,0.7368421,0.03199174,0.2311662,0.04341737,23.03226,0.786526,,1,0.9117647,0.4628099,0.04161074,0.9583893,0.0001403585,0,0.0002330008,7.697407E-05,0.0001712703
119.9668,"2020-05-22 23:12:09",阿尔巴尼亚,969,0,714,31,224,0.7368421,0.03199174,0.2311662,0.04341737,23.03226,0.786526,,1,0.9117647,0.4628099,0.04161074,0.9583893,0.0001403585,0,0.0002330008,7.697407E-05,0.0001712703
120.3071,"2020-05-23 07:22:15",阿尔巴尼亚,969,0,714,31,224,0.7368421,0.03199174,0.2311662,0.04341737,23.03226,0.786526,,1,0.9117647,0.4628099,0.04161074,0.9583893,0.0001403585,0,0.0002330008,7.697407E-05,0.0001712703
120.3206,"2020-05-23 07:41:36",阿尔巴尼亚,969,0,714,31,224,0.7368421,0.03199174,0.2311662,0.04341737,23.03226,0.786526,,1,0.9117647,0.4628099,0.04161074,0.9583893,0.0001403585,0,0.0002330008,7.697407E-05,0.0001712703
120.3227,"2020-05-23 07:44:38",阿尔巴尼亚,969,0,714,31,224,0.7368421,0.03199174,0.2311662,0.04341737,23.03226,0.786526,,1,0.9117647,0.4628099,0.04161074,0.9583893,0.0001403585,0,0.0002330008,7.697407E-05,0.0001712703
120.5152,"2020-05-23 12:21:57",阿尔巴尼亚,969,0,714,31,224,0.7368421,0.03199174,0.2311662,0.04341737,23.03226,0.786526,,1,0.9117647,0.4628099,0.04161074,0.9583893,0.0001403585,0,0.0002330008,7.697407E-05,0.0001712703
120.6795,"2020-05-23 16:18:32",阿尔巴尼亚,969,0,714,31,224,0.7368421,0.03199174,0.2311662,0.04341737,23.03226,0.786526,,1,0.9117647,0.4628099,0.04161074,0.9583893,0.0001403585,0,0.0002330008,7.697407E-05,0.0001712703
120.8219,"2020-05-23 19:43:36",阿尔巴尼亚,969,0,714,31,224,0.7368421,0.03199174,0.2311662,0.04341737,23.03226,0.786526,,1,0.9117647,0.4628099,0.04161074,0.9583893,0.0001403585,0,0.0002330008,7.697407E-05,0.0001712703
121.3135,"2020-05-24 07:31:27",阿尔巴尼亚,981,0,714,31,236,0.7278287,0.03160041,0.2405708,0.04341737,23.03226,0.7962663,,1,0.9117647,0.4876033,0.04161074,0.9583893,0.0001420966,0,0.0002330008,7.697407E-05,0.0001804455
121.3404,"2020-05-24 08:10:12",阿尔巴尼亚,981,0,714,31,236,0.7278287,0.03160041,0.2405708,0.04341737,23.03226,0.7962663,,1,0.9117647,0.4876033,0.04161074,0.9583893,0.0001420966,0,0.0002330008,7.697407E-05,0.0001804455
121.4177,"2020-05-24 10:01:29",阿尔巴尼亚,981,0,714,31,236,0.7278287,0.03160041,0.2405708,0.04341737,23.03226,0.7962663,,1,0.9117647,0.4876033,0.04161074,0.9583893,0.0001420966,0,0.0002330008,7.697407E-05,0.0001804455
121.6097,"2020-05-24 14:38:00",阿尔巴尼亚,981,0,714,31,236,0.7278287,0.03160041,0.2405708,0.04341737,23.03226,0.7962663,,1,0.9117647,0.4876033,0.04161074,0.9583893,0.0001420966,0,0.0002330008,7.697407E-05,0.0001804455
121.7769,"2020-05-24 18:38:41",阿尔巴尼亚,981,0,714,31,236,0.7278287,0.03160041,0.2405708,0.04341737,23.03226,0.7962663,,1,0.9117647,0.4876033,0.04161074,0.9583893,0.0001420966,0,0.0002330008,7.697407E-05,0.0001804455
121.8264,"2020-05-24 19:50:00",阿尔巴尼亚,981,0,714,31,236,0.7278287,0.03160041,0.2405708,0.04341737,23.03226,0.7962663,,1,0.9117647,0.4876033,0.04161074,0.9583893,0.0001420966,0,0.0002330008,7.697407E-05,0.0001804455
122.3065,"2020-05-25 07:21:20",阿尔巴尼亚,981,0,714,31,236,0.7278287,0.03160041,0.2405708,0.04341737,23.03226,0.7962663,,1,0.9117647,0.4876033,0.04161074,0.9583893,0.0001420966,0,0.0002330008,7.697407E-05,0.0001804455
122.3157,"2020-05-25 07:34:32",阿尔巴尼亚,989,0,714,32,243,0.7219414,0.03235592,0.2457027,0.04481793,22.3125,0.8027598,,1,0.9411765,0.5020661,0.04289544,0.9571046,0.0001432554,0,0.0002330008,7.945711E-05,0.0001857977
122.4177,"2020-05-25 10:01:33",阿尔巴尼亚,989,0,714,32,243,0.7219414,0.03235592,0.2457027,0.04481793,22.3125,0.8027598,,1,0.9411765,0.5020661,0.04289544,0.9571046,0.0001432554,0,0.0002330008,7.945711E-05,0.0001857977
122.9898,"2020-05-25 23:45:16",阿尔巴尼亚,989,0,714,32,243,0.7219414,0.03235592,0.2457027,0.04481793,22.3125,0.8027598,,1,0.9411765,0.5020661,0.04289544,0.9571046,0.0001432554,0,0.0002330008,7.945711E-05,0.0001857977
123.3113,"2020-05-26 07:28:16",阿尔巴尼亚,989,0,714,32,243,0.7219414,0.03235592,0.2457027,0.04481793,22.3125,0.8027598,,1,0.9411765,0.5020661,0.04289544,0.9571046,0.0001432554,0,0.0002330008,7.945711E-05,0.0001857977
123.3206,"2020-05-26 07:41:38",阿尔巴尼亚,1004,0,714,32,258,0.7111554,0.03187251,0.2569721,0.04481793,22.3125,0.8149351,,1,0.9411765,0.5330579,0.04289544,0.9571046,0.0001454282,0,0.0002330008,7.945711E-05,0.0001972667
123.3823,"2020-05-26 09:10:35",阿尔巴尼亚,1004,0,714,32,258,0.7111554,0.03187251,0.2569721,0.04481793,22.3125,0.8149351,,1,0.9411765,0.5330579,0.04289544,0.9571046,0.0001454282,0,0.0002330008,7.945711E-05,0.0001972667
123.4178,"2020-05-26 10:01:37",阿尔巴尼亚,1004,0,714,32,258,0.7111554,0.03187251,0.2569721,0.04481793,22.3125,0.8149351,,1,0.9411765,0.5330579,0.04289544,0.9571046,0.0001454282,0,0.0002330008,7.945711E-05,0.0001972667
123.4894,"2020-05-26 11:44:45",阿尔巴尼亚,1004,0,714,32,258,0.7111554,0.03187251,0.2569721,0.04481793,22.3125,0.8149351,,1,0.9411765,0.5330579,0.04289544,0.9571046,0.0001454282,0,0.0002330008,7.945711E-05,0.0001972667
123.9774,"2020-05-26 23:27:27",阿尔巴尼亚,1004,0,714,32,258,0.7111554,0.03187251,0.2569721,0.04481793,22.3125,0.8149351,,1,0.9411765,0.5330579,0.04289544,0.9571046,0.0001454282,0,0.0002330008,7.945711E-05,0.0001972667
123.9944,"2020-05-26 23:51:52",阿尔巴尼亚,1004,0,714,32,258,0.7111554,0.03187251,0.2569721,0.04481793,22.3125,0.8149351,,1,0.9411765,0.5330579,0.04289544,0.9571046,0.0001454282,0,0.0002330008,7.945711E-05,0.0001972667
124.3188,"2020-05-27 07:39:04",阿尔巴尼亚,1029,0,714,33,282,0.6938776,0.03206997,0.2740525,0.04621849,21.63636,0.8352273,,1,0.9705882,0.5826446,0.04417671,0.9558233,0.0001490494,0,0.0002330008,8.194015E-05,0.0002156171
124.3322,"2020-05-27 07:58:25",阿尔巴尼亚,1029,0,714,33,282,0.6938776,0.03206997,0.2740525,0.04621849,21.63636,0.8352273,,1,0.9705882,0.5826446,0.04417671,0.9558233,0.0001490494,0,0.0002330008,8.194015E-05,0.0002156171
124.4177,"2020-05-27 10:01:30",阿尔巴尼亚,1029,0,714,33,282,0.6938776,0.03206997,0.2740525,0.04621849,21.63636,0.8352273,,1,0.9705882,0.5826446,0.04417671,0.9558233,0.0001490494,0,0.0002330008,8.194015E-05,0.0002156171
124.6086,"2020-05-27 14:36:25",阿尔巴尼亚,1029,0,714,33,282,0.6938776,0.03206997,0.2740525,0.04621849,21.63636,0.8352273,,1,0.9705882,0.5826446,0.04417671,0.9558233,0.0001490494,0,0.0002330008,8.194015E-05,0.0002156171
124.7199,"2020-05-27 17:16:43",阿尔巴尼亚,1029,0,714,33,282,0.6938776,0.03206997,0.2740525,0.04621849,21.63636,0.8352273,,1,0.9705882,0.5826446,0.04417671,0.9558233,0.0001490494,0,0.0002330008,8.194015E-05,0.0002156171
124.9519,"2020-05-27 22:50:46",阿尔巴尼亚,1029,0,714,33,282,0.6938776,0.03206997,0.2740525,0.04621849,21.63636,0.8352273,,1,0.9705882,0.5826446,0.04417671,0.9558233,0.0001490494,0,0.0002330008,8.194015E-05,0.0002156171
124.9598,"2020-05-27 23:02:07",阿尔巴尼亚,1029,0,714,33,282,0.6938776,0.03206997,0.2740525,0.04621849,21.63636,0.8352273,,1,0.9705882,0.5826446,0.04417671,0.9558233,0.0001490494,0,0.0002330008,8.194015E-05,0.0002156171
125.3002,"2020-05-28 07:12:20",阿尔巴尼亚,1029,0,714,33,282,0.6938776,0.03206997,0.2740525,0.04621849,21.63636,0.8352273,,1,0.9705882,0.5826446,0.04417671,0.9558233,0.0001490494,0,0.0002330008,8.194015E-05,0.0002156171
125.3214,"2020-05-28 07:42:52",阿尔巴尼亚,1050,0,714,33,303,0.68,0.03142857,0.2885714,0.04621849,21.63636,0.8522727,,1,0.9705882,0.6260331,0.04417671,0.9558233,0.0001520912,0,0.0002330008,8.194015E-05,0.0002316737
125.418,"2020-05-28 10:01:59",阿尔巴尼亚,1050,0,714,33,303,0.68,0.03142857,0.2885714,0.04621849,21.63636,0.8522727,,1,0.9705882,0.6260331,0.04417671,0.9558233,0.0001520912,0,0.0002330008,8.194015E-05,0.0002316737
125.9426,"2020-05-28 22:37:18",阿尔巴尼亚,1050,0,714,33,303,0.68,0.03142857,0.2885714,0.04621849,21.63636,0.8522727,,1,0.9705882,0.6260331,0.04417671,0.9558233,0.0001520912,0,0.0002330008,8.194015E-05,0.0002316737
126.3099,"2020-05-29 07:26:16",阿尔巴尼亚,1050,0,714,33,303,0.68,0.03142857,0.2885714,0.04621849,21.63636,0.8522727,,1,0.9705882,0.6260331,0.04417671,0.9558233,0.0001520912,0,0.0002330008,8.194015E-05,0.0002316737
126.3163,"2020-05-29 07:35:31",阿尔巴尼亚,1076,0,714,33,329,0.6635688,0.03066915,0.3057621,0.04621849,21.63636,0.8733766,,1,0.9705882,0.6797521,0.04417671,0.9558233,0.0001558573,0,0.0002330008,8.194015E-05,0.0002515533
126.4192,"2020-05-29 10:03:39",阿尔巴尼亚,1076,0,714,33,329,0.6635688,0.03066915,0.3057621,0.04621849,21.63636,0.8733766,,1,0.9705882,0.6797521,0.04417671,0.9558233,0.0001558573,0,0.0002330008,8.194015E-05,0.0002515533
126.5717,"2020-05-29 13:43:17",阿尔巴尼亚,1076,0,714,33,329,0.6635688,0.03066915,0.3057621,0.04621849,21.63636,0.8733766,,1,0.9705882,0.6797521,0.04417671,0.9558233,0.0001558573,0,0.0002330008,8.194015E-05,0.0002515533
126.7934,"2020-05-29 19:02:26",阿尔巴尼亚,1076,0,714,33,329,0.6635688,0.03066915,0.3057621,0.04621849,21.63636,0.8733766,,1,0.9705882,0.6797521,0.04417671,0.9558233,0.0001558573,0,0.0002330008,8.194015E-05,0.0002515533
126.8686,"2020-05-29 20:50:45",阿尔巴尼亚,1076,0,714,33,329,0.6635688,0.03066915,0.3057621,0.04621849,21.63636,0.8733766,,1,0.9705882,0.6797521,0.04417671,0.9558233,0.0001558573,0,0.0002330008,8.194015E-05,0.0002515533
126.8884,"2020-05-29 21:19:21",阿尔巴尼亚,1076,0,714,33,329,0.6635688,0.03066915,0.3057621,0.04621849,21.63636,0.8733766,,1,0.9705882,0.6797521,0.04417671,0.9558233,0.0001558573,0,0.0002330008,8.194015E-05,0.0002515533
126.9758,"2020-05-29 23:25:06",阿尔巴尼亚,1076,0,714,33,329,0.6635688,0.03066915,0.3057621,0.04621849,21.63636,0.8733766,,1,0.9705882,0.6797521,0.04417671,0.9558233,0.0001558573,0,0.0002330008,8.194015E-05,0.0002515533
127.3067,"2020-05-30 07:21:38",阿尔巴尼亚,1076,0,714,33,329,0.6635688,0.03066915,0.3057621,0.04621849,21.63636,0.8733766,,1,0.9705882,0.6797521,0.04417671,0.9558233,0.0001558573,0,0.0002330008,8.194015E-05,0.0002515533
127.3194,"2020-05-30 07:39:58",阿尔巴尼亚,1099,0,714,33,352,0.6496815,0.0300273,0.3202912,0.04621849,21.63636,0.8920454,,1,0.9705882,0.7272727,0.04417671,0.9558233,0.0001591888,0,0.0002330008,8.194015E-05,0.0002691391
127.4175,"2020-05-30 10:01:16",阿尔巴尼亚,1099,0,714,33,352,0.6496815,0.0300273,0.3202912,0.04621849,21.63636,0.8920454,,1,0.9705882,0.7272727,0.04417671,0.9558233,0.0001591888,0,0.0002330008,8.194015E-05,0.0002691391
127.6624,"2020-05-30 15:53:48",阿尔巴尼亚,1099,0,714,33,352,0.6496815,0.0300273,0.3202912,0.04621849,21.63636,0.8920454,,1,0.9705882,0.7272727,0.04417671,0.9558233,0.0001591888,0,0.0002330008,8.194015E-05,0.0002691391
127.8333,"2020-05-30 19:59:58",阿尔巴尼亚,1099,0,714,33,352,0.6496815,0.0300273,0.3202912,0.04621849,21.63636,0.8920454,,1,0.9705882,0.7272727,0.04417671,0.9558233,0.0001591888,0,0.0002330008,8.194015E-05,0.0002691391
127.9845,"2020-05-30 23:37:43",阿尔巴尼亚,1122,0,714,33,375,0.6363636,0.02941176,0.3342246,0.04621849,21.63636,0.9107143,,1,0.9705882,0.7747934,0.04417671,0.9558233,0.0001625203,0,0.0002330008,8.194015E-05,0.0002867249
128.3105,"2020-05-31 07:27:04",阿尔巴尼亚,1122,0,714,33,375,0.6363636,0.02941176,0.3342246,0.04621849,21.63636,0.9107143,,1,0.9705882,0.7747934,0.04417671,0.9558233,0.0001625203,0,0.0002330008,8.194015E-05,0.0002867249
128.3183,"2020-05-31 07:38:24",阿尔巴尼亚,1122,0,714,33,375,0.6363636,0.02941176,0.3342246,0.04621849,21.63636,0.9107143,,1,0.9705882,0.7747934,0.04417671,0.9558233,0.0001625203,0,0.0002330008,8.194015E-05,0.0002867249
128.4179,"2020-05-31 10:01:43",阿尔巴尼亚,1122,0,714,33,375,0.6363636,0.02941176,0.3342246,0.04621849,21.63636,0.9107143,,1,0.9705882,0.7747934,0.04417671,0.9558233,0.0001625203,0,0.0002330008,8.194015E-05,0.0002867249
128.5826,"2020-05-31 13:58:53",阿尔巴尼亚,1122,0,714,33,375,0.6363636,0.02941176,0.3342246,0.04621849,21.63636,0.9107143,,1,0.9705882,0.7747934,0.04417671,0.9558233,0.0001625203,0,0.0002330008,8.194015E-05,0.0002867249
128.8389,"2020-05-31 20:08:04",阿尔巴尼亚,1122,0,714,33,375,0.6363636,0.02941176,0.3342246,0.04621849,21.63636,0.9107143,,1,0.9705882,0.7747934,0.04417671,0.9558233,0.0001625203,0,0.0002330008,8.194015E-05,0.0002867249
129.0009,"2020-06-01 00:01:16",阿尔巴尼亚,1122,0,714,33,375,0.6363636,0.02941176,0.3342246,0.04621849,21.63636,0.9107143,,1,0.9705882,0.7747934,0.04417671,0.9558233,0.0001625203,0,0.0002330008,8.194015E-05,0.0002867249
129.3141,"2020-06-01 07:32:21",阿尔巴尼亚,1122,0,714,33,375,0.6363636,0.02941176,0.3342246,0.04621849,21.63636,0.9107143,,1,0.9705882,0.7747934,0.04417671,0.9558233,0.0001625203,0,0.0002330008,8.194015E-05,0.0002867249
129.3212,"2020-06-01 07:42:31",阿尔巴尼亚,1136,0,714,33,389,0.6285211,0.0290493,0.3424296,0.04621849,21.63636,0.9220779,,1,0.9705882,0.803719,0.04417671,0.9558233,0.0001645482,0,0.0002330008,8.194015E-05,0.0002974293
129.4072,"2020-06-01 09:46:26",阿尔巴尼亚,1136,0,714,33,389,0.6285211,0.0290493,0.3424296,0.04621849,21.63636,0.9220779,,1,0.9705882,0.803719,0.04417671,0.9558233,0.0001645482,0,0.0002330008,8.194015E-05,0.0002974293
129.4179,"2020-06-01 10:01:46",阿尔巴尼亚,1136,0,714,33,389,0.6285211,0.0290493,0.3424296,0.04621849,21.63636,0.9220779,,1,0.9705882,0.803719,0.04417671,0.9558233,0.0001645482,0,0.0002330008,8.194015E-05,0.0002974293
129.481,"2020-06-01 11:32:41",阿尔巴尼亚,1136,0,714,33,389,0.6285211,0.0290493,0.3424296,0.04621849,21.63636,0.9220779,,1,0.9705882,0.803719,0.04417671,0.9558233,0.0001645482,0,0.0002330008,8.194015E-05,0.0002974293
129.6109,"2020-06-01 14:39:42",阿尔巴尼亚,1136,0,714,33,389,0.6285211,0.0290493,0.3424296,0.04621849,21.63636,0.9220779,,1,0.9705882,0.803719,0.04417671,0.9558233,0.0001645482,0,0.0002330008,8.194015E-05,0.0002974293
129.9404,"2020-06-01 22:34:14",阿尔巴尼亚,1136,0,714,33,389,0.6285211,0.0290493,0.3424296,0.04621849,21.63636,0.9220779,,1,0.9705882,0.803719,0.04417671,0.9558233,0.0001645482,0,0.0002330008,8.194015E-05,0.0002974293
130.3359,"2020-06-02 08:03:44",阿尔巴尼亚,1143,0,714,33,396,0.6246719,0.02887139,0.3464567,0.04621849,21.63636,0.9277598,,1,0.9705882,0.8181818,0.04417671,0.9558233,0.0001655621,0,0.0002330008,8.194015E-05,0.0003027815
130.4178,"2020-06-02 10:01:34",阿尔巴尼亚,1143,0,714,33,396,0.6246719,0.02887139,0.3464567,0.04621849,21.63636,0.9277598,,1,0.9705882,0.8181818,0.04417671,0.9558233,0.0001655621,0,0.0002330008,8.194015E-05,0.0003027815
130.6221,"2020-06-02 14:55:53",阿尔巴尼亚,1143,0,714,33,396,0.6246719,0.02887139,0.3464567,0.04621849,21.63636,0.9277598,,1,0.9705882,0.8181818,0.04417671,0.9558233,0.0001655621,0,0.0002330008,8.194015E-05,0.0003027815
130.843,"2020-06-02 20:14:00",阿尔巴尼亚,1143,0,714,33,396,0.6246719,0.02887139,0.3464567,0.04621849,21.63636,0.9277598,,1,0.9705882,0.8181818,0.04417671,0.9558233,0.0001655621,0,0.0002330008,8.194015E-05,0.0003027815
130.9632,"2020-06-02 23:06:59",阿尔巴尼亚,1143,0,714,33,396,0.6246719,0.02887139,0.3464567,0.04621849,21.63636,0.9277598,,1,0.9705882,0.8181818,0.04417671,0.9558233,0.0001655621,0,0.0002330008,8.194015E-05,0.0003027815
131.3114,"2020-06-03 07:28:28",阿尔巴尼亚,1143,0,714,33,396,0.6246719,0.02887139,0.3464567,0.04621849,21.63636,0.9277598,,1,0.9705882,0.8181818,0.04417671,0.9558233,0.0001655621,0,0.0002330008,8.194015E-05,0.0003027815
131.3334,"2020-06-03 08:00:06",阿尔巴尼亚,1164,0,714,33,417,0.6134021,0.02835052,0.3582474,0.04621849,21.63636,0.9448052,,1,0.9705882,0.8615702,0.04417671,0.9558233,0.000168604,0,0.0002330008,8.194015E-05,0.0003188381
131.3449,"2020-06-03 08:16:36",阿尔巴尼亚,1164,0,714,33,417,0.6134021,0.02835052,0.3582474,0.04621849,21.63636,0.9448052,,1,0.9705882,0.8615702,0.04417671,0.9558233,0.000168604,0,0.0002330008,8.194015E-05,0.0003188381
131.4182,"2020-06-03 10:02:15",阿尔巴尼亚,1164,0,714,33,417,0.6134021,0.02835052,0.3582474,0.04621849,21.63636,0.9448052,,1,0.9705882,0.8615702,0.04417671,0.9558233,0.000168604,0,0.0002330008,8.194015E-05,0.0003188381
131.8716,"2020-06-03 20:55:07",阿尔巴尼亚,1164,0,714,33,417,0.6134021,0.02835052,0.3582474,0.04621849,21.63636,0.9448052,,1,0.9705882,0.8615702,0.04417671,0.9558233,0.000168604,0,0.0002330008,8.194015E-05,0.0003188381
131.9583,"2020-06-03 22:59:59",阿尔巴尼亚,1164,0,714,33,417,0.6134021,0.02835052,0.3582474,0.04621849,21.63636,0.9448052,,1,0.9705882,0.8615702,0.04417671,0.9558233,0.000168604,0,0.0002330008,8.194015E-05,0.0003188381
132.3086,"2020-06-04 07:24:23",阿尔巴尼亚,1164,0,714,33,417,0.6134021,0.02835052,0.3582474,0.04621849,21.63636,0.9448052,,1,0.9705882,0.8615702,0.04417671,0.9558233,0.000168604,0,0.0002330008,8.194015E-05,0.0003188381
132.3349,"2020-06-04 08:02:16",阿尔巴尼亚,1176,0,714,33,429,0.6071429,0.02806122,0.3647959,0.04621849,21.63636,0.9545454,,1,0.9705882,0.8863636,0.04417671,0.9558233,0.0001703422,0,0.0002330008,8.194015E-05,0.0003280132
132.3561,"2020-06-04 08:32:51",阿尔巴尼亚,1176,0,714,33,429,0.6071429,0.02806122,0.3647959,0.04621849,21.63636,0.9545454,,1,0.9705882,0.8863636,0.04417671,0.9558233,0.0001703422,0,0.0002330008,8.194015E-05,0.0003280132
132.418,"2020-06-04 10:01:55",阿尔巴尼亚,1176,0,714,33,429,0.6071429,0.02806122,0.3647959,0.04621849,21.63636,0.9545454,,1,0.9705882,0.8863636,0.04417671,0.9558233,0.0001703422,0,0.0002330008,8.194015E-05,0.0003280132
132.5068,"2020-06-04 12:09:48",阿尔巴尼亚,1176,0,714,33,429,0.6071429,0.02806122,0.3647959,0.04621849,21.63636,0.9545454,,1,0.9705882,0.8863636,0.04417671,0.9558233,0.0001703422,0,0.0002330008,8.194015E-05,0.0003280132
132.9845,"2020-06-04 23:37:43",阿尔巴尼亚,1176,0,714,33,429,0.6071429,0.02806122,0.3647959,0.04621849,21.63636,0.9545454,,1,0.9705882,0.8863636,0.04417671,0.9558233,0.0001703422,0,0.0002330008,8.194015E-05,0.0003280132
133.3112,"2020-06-05 07:28:09",阿尔巴尼亚,1176,0,714,33,429,0.6071429,0.02806122,0.3647959,0.04621849,21.63636,0.9545454,,1,0.9705882,0.8863636,0.04417671,0.9558233,0.0001703422,0,0.0002330008,8.194015E-05,0.0003280132
133.3325,"2020-06-05 07:58:50",阿尔巴尼亚,1197,0,714,33,450,0.5964912,0.02756892,0.3759398,0.04621849,21.63636,0.9715909,,1,0.9705882,0.9297521,0.04417671,0.9558233,0.000173384,0,0.0002330008,8.194015E-05,0.0003440698
133.3376,"2020-06-05 08:06:13",阿尔巴尼亚,1197,0,714,33,450,0.5964912,0.02756892,0.3759398,0.04621849,21.63636,0.9715909,,1,0.9705882,0.9297521,0.04417671,0.9558233,0.000173384,0,0.0002330008,8.194015E-05,0.0003440698
133.3504,"2020-06-05 08:24:35",阿尔巴尼亚,1197,0,714,33,450,0.5964912,0.02756892,0.3759398,0.04621849,21.63636,0.9715909,,1,0.9705882,0.9297521,0.04417671,0.9558233,0.000173384,0,0.0002330008,8.194015E-05,0.0003440698
133.418,"2020-06-05 10:01:53",阿尔巴尼亚,1197,0,714,33,450,0.5964912,0.02756892,0.3759398,0.04621849,21.63636,0.9715909,,1,0.9705882,0.9297521,0.04417671,0.9558233,0.000173384,0,0.0002330008,8.194015E-05,0.0003440698
133.5991,"2020-06-05 14:22:45",阿尔巴尼亚,1197,0,714,33,450,0.5964912,0.02756892,0.3759398,0.04621849,21.63636,0.9715909,,1,0.9705882,0.9297521,0.04417671,0.9558233,0.000173384,0,0.0002330008,8.194015E-05,0.0003440698
133.9901,"2020-06-05 23:45:47",阿尔巴尼亚,1197,0,714,33,450,0.5964912,0.02756892,0.3759398,0.04621849,21.63636,0.9715909,,1,0.9705882,0.9297521,0.04417671,0.9558233,0.000173384,0,0.0002330008,8.194015E-05,0.0003440698
134.3138,"2020-06-06 07:31:49",阿尔巴尼亚,1197,0,714,33,450,0.5964912,0.02756892,0.3759398,0.04621849,21.63636,0.9715909,,1,0.9705882,0.9297521,0.04417671,0.9558233,0.000173384,0,0.0002330008,8.194015E-05,0.0003440698
134.3251,"2020-06-06 07:48:10",阿尔巴尼亚,1212,0,714,33,465,0.5891089,0.02722772,0.3836634,0.04621849,21.63636,0.9837663,,1,0.9705882,0.9607438,0.04417671,0.9558233,0.0001755567,0,0.0002330008,8.194015E-05,0.0003555388
134.4184,"2020-06-06 10:02:30",阿尔巴尼亚,1212,0,714,33,465,0.5891089,0.02722772,0.3836634,0.04621849,21.63636,0.9837663,,1,0.9705882,0.9607438,0.04417671,0.9558233,0.0001755567,0,0.0002330008,8.194015E-05,0.0003555388
134.6194,"2020-06-06 14:51:59",阿尔巴尼亚,1212,0,714,33,465,0.5891089,0.02722772,0.3836634,0.04621849,21.63636,0.9837663,,1,0.9705882,0.9607438,0.04417671,0.9558233,0.0001755567,0,0.0002330008,8.194015E-05,0.0003555388
134.8463,"2020-06-06 20:18:44",阿尔巴尼亚,1212,0,714,33,465,0.5891089,0.02722772,0.3836634,0.04621849,21.63636,0.9837663,,1,0.9705882,0.9607438,0.04417671,0.9558233,0.0001755567,0,0.0002330008,8.194015E-05,0.0003555388
135.3125,"2020-06-07 07:29:59",阿尔巴尼亚,1212,0,714,33,465,0.5891089,0.02722772,0.3836634,0.04621849,21.63636,0.9837663,,1,0.9705882,0.9607438,0.04417671,0.9558233,0.0001755567,0,0.0002330008,8.194015E-05,0.0003555388
135.3446,"2020-06-07 08:16:14",阿尔巴尼亚,1232,0,714,34,484,0.5795454,0.0275974,0.3928571,0.04761905,21,1,,1,1,1,0.04545455,0.9545454,0.0001784537,0,0.0002330008,8.442318E-05,0.0003700662
